tradingday,secucode,preclose,open,high,low,close,vol,amount,deals
20240508,1,10.88,10.84,10.88,10.71,10.73,122179127,1318611999.65,56408
20240508,2,7.52,7.45,7.49,7.19,7.2,275877345,2011058428.72,131065
20240508,6,3.9,3.85,3.87,3.78,3.79,14079690,53625736.08,10815
20240508,8,2.28,2.27,2.27,2.22,2.23,33395300,74737886.0,9003
20240508,9,10.73,10.7,10.7,10.56,10.58,9488022,100755500.57,15188
20240508,10,2.04,2.04,2.05,1.97,1.98,14618000,29285248.0,8942
20240508,11,8.59,8.52,8.54,8.3,8.31,7184900,60269286.0,6806
20240508,12,5.68,5.67,5.69,5.61,5.61,12508503,70550902.7,16257
20240508,14,11.19,11.03,11.06,10.7,10.7,8197720,88936305.4,7669
20240508,17,7.71,7.71,7.75,7.51,7.55,28372652,215388847.24,31858
20240508,19,6.66,6.65,6.69,6.62,6.65,5089262,33859683.02,11608
20240508,20,12.4,12.46,12.47,12.14,12.15,2850401,34945138.4,6178
20240508,21,13.96,13.89,13.94,13.53,13.57,24433725,334639736.18,33885
20240508,25,15.4,15.48,15.49,15.08,15.1,4947317,75234657.2,9021
20240508,26,10.35,10.36,10.38,10.1,10.12,5090000,51941147.0,8257
20240508,27,7.39,7.41,7.43,7.3,7.32,18186683,133800466.06,21421
20240508,28,36.96,36.75,37.0,36.0,36.6,2742300,100226057.2,9574
20240508,29,11.46,11.41,11.43,11.06,11.08,5102084,57160793.7,11631
20240508,30,5.84,5.83,5.84,5.74,5.76,9414100,54383403.2,14153
20240508,31,2.65,2.63,2.63,2.54,2.55,14435213,37154524.12,13907
20240508,32,17.4,17.24,17.24,16.79,16.8,18055186,305825252.85,29971
20240508,34,29.99,29.69,29.8,29.0,29.15,15814172,463199515.02,35407
20240508,35,4.88,4.89,4.91,4.79,4.81,24718416,119778449.08,25640
20240508,36,3.05,3.05,3.05,3.0,3.02,9709060,29278024.6,4564
20240508,37,9.3,9.29,9.75,9.21,9.33,30363796,287312736.75,25684
20240508,39,9.43,9.39,9.44,9.25,9.32,17196812,160694219.54,27190
20240508,42,4.69,4.66,4.71,4.48,4.5,15206700,69184551.0,17825
20240508,48,16.49,16.5,16.78,16.3,16.7,5547384,92119469.56,8725
20240508,50,8.3,8.28,8.28,8.1,8.12,8978570,73359035.08,17431
20240508,55,4.14,4.13,4.14,4.07,4.09,3885450,15919018.0,6246
20240508,56,2.43,2.45,2.46,2.33,2.34,29815135,70416091.55,12023
20240508,58,6.45,6.44,6.45,6.32,6.34,6179401,39300704.33,11409
20240508,59,5.24,5.46,5.47,5.08,5.13,65231628,341764826.04,70082
20240508,60,4.77,4.74,4.77,4.69,4.7,53399152,252443191.94,37762
20240508,61,5.94,5.96,5.96,5.84,5.85,7633150,44915714.5,15176
20240508,62,9.84,9.8,9.84,9.66,9.72,3534962,34473258.33,9157
20240508,63,28.41,28.2,28.24,27.58,27.63,89707499,2497664640.85,130908
20240508,65,12.88,12.8,13.25,12.55,12.83,26617504,344998888.27,32272
20240508,66,9.73,9.67,9.69,9.45,9.46,28079500,267331278.0,26881
20240508,68,3.48,3.46,3.48,3.39,3.39,14387410,49291619.9,14529
20240508,69,2.69,2.7,2.7,2.61,2.62,41134309,108307068.58,15192
20240508,78,2.4,2.42,2.57,2.41,2.49,54242562,134698447.71,27478
20240508,88,4.94,4.92,4.97,4.89,4.9,9641371,47502272.14,12656
20240508,89,7.05,7.05,7.05,6.97,7.02,13102025,91843838.0,15532
20240508,90,4.49,4.46,4.48,4.37,4.37,26592656,117117320.84,17549
20240508,96,10.35,10.36,10.39,10.23,10.25,5276400,54196832.0,4766
20240508,99,22.67,21.6,22.78,20.4,21.38,149330958,3205030418.97,210272
20240508,100,4.57,4.61,4.67,4.52,4.64,478989358,2205975636.12,149177
20240508,153,8.89,8.86,9.05,8.85,8.99,11031167,98751920.99,16170
20240508,155,11.88,11.88,12.12,11.73,11.76,32939643,393042625.82,41042
20240508,156,7.57,7.52,7.53,7.33,7.34,12448280,92064552.72,15727
20240508,157,8.7,8.69,8.69,8.57,8.6,34224161,294590944.18,43587
20240508,158,7.33,7.34,7.34,7.09,7.1,37436000,267689940.64,28184
20240508,159,5.87,5.87,5.92,5.8,5.84,4161591,24367563.26,5675
20240508,166,4.67,4.66,4.68,4.6,4.61,68412453,316648486.5,31760
20240508,301,10.11,10.08,10.13,9.9,9.93,13607129,135813275.0,17849
20240508,333,71.1,70.5,71.34,70.39,70.75,17661960,1252248295.46,48613
20240508,338,17.41,17.54,17.57,17.18,17.23,27805272,481860307.25,46034
20240508,400,26.06,26.03,26.86,25.92,26.09,22922133,604858436.33,54154
20240508,401,5.2,5.18,5.19,5.11,5.11,7141442,36716024.3,7688
20240508,402,3.06,3.03,3.04,2.93,2.94,25828200,76707954.0,19799
20240508,404,7.09,7.1,7.12,6.98,6.99,15425440,108577236.59,16483
20240508,407,3.15,3.15,3.19,3.13,3.13,9239800,29107120.0,8519
20240508,409,8.83,8.85,8.85,8.6,8.61,12523269,108570756.73,16344
20240508,411,11.14,11.15,11.23,11.09,11.17,4586590,51205184.8,8281
20240508,415,2.49,2.47,2.62,2.45,2.54,163298085,418272988.69,36863
20240508,417,4.79,4.77,4.79,4.71,4.74,11530300,54733642.0,11749
20240508,419,4.78,4.77,4.79,4.73,4.73,5160341,24529548.13,7224
20240508,420,3.82,3.83,3.86,3.72,3.74,58636615,221062407.95,23898
20240508,422,11.56,12.2,12.72,12.2,12.72,177185964,2231512865.62,132625
20240508,423,71.0,71.02,71.29,69.91,70.69,2911439,205782260.28,14071
20240508,425,7.49,7.44,7.45,7.28,7.38,70526287,518959568.43,48966
20240508,426,13.06,12.98,13.4,12.86,13.14,27557677,362349978.61,33970
20240508,428,3.16,3.17,3.19,3.14,3.17,13762501,43543512.17,7048
20240508,429,10.26,10.26,10.34,10.23,10.28,5690146,58525100.68,10308
20240508,498,5.84,5.81,5.83,5.71,5.72,11443000,65844446.0,10629
20240508,501,7.69,7.67,7.73,7.6,7.62,4811400,36815111.33,6547
20240508,503,8.96,9.0,9.0,8.62,8.65,11816433,103361516.02,19513
20240508,505,6.61,6.62,6.66,6.56,6.59,5240200,34650231.0,8861
20240508,507,5.0,4.99,5.03,4.97,4.98,6950825,34780424.84,6654
20240508,509,3.14,3.15,3.18,3.11,3.12,6690231,20976697.15,7578
20240508,510,3.93,3.97,4.0,3.88,3.9,10188720,40065370.6,11805
20240508,513,40.55,40.55,41.2,40.22,40.48,4060772,164643366.35,16534
20240508,514,3.43,3.42,3.42,3.3,3.32,14341119,47934260.04,10306
20240508,516,6.09,6.09,6.35,6.03,6.14,33305520,204324698.2,28536
20240508,517,2.48,2.45,2.46,2.41,2.42,39643800,96438594.0,17029
20240508,519,13.84,13.76,13.76,13.51,13.56,31365427,426741241.91,37969
20240508,520,2.55,2.56,2.62,2.53,2.54,33993897,87285274.86,8438
20240508,521,10.44,10.3,10.55,10.28,10.33,17001272,176695219.91,17698
20240508,523,3.24,3.24,3.27,3.22,3.25,10473260,34030556.8,10139
20240508,524,9.62,9.5,9.51,9.01,9.17,25036145,230471725.05,20491
20240508,526,65.19,64.86,66.1,64.02,64.3,1191207,77340143.1,6289
20240508,528,10.78,10.69,10.7,10.13,10.42,68346735,709887359.58,66702
20240508,529,6.69,6.66,6.94,6.64,6.89,18757045,128678145.19,14799
20240508,530,4.22,4.21,4.24,4.16,4.19,12282540,51579353.6,13167
20240508,531,5.97,5.97,6.06,5.93,5.95,7898934,47352151.92,7536
20240508,532,13.93,13.4,13.6,13.01,13.1,46020846,610339677.26,49211
20240508,533,3.79,3.78,3.8,3.71,3.73,10799372,40429675.54,12506
20240508,534,11.94,12.0,12.12,11.65,11.76,6270296,74188750.08,11360
20240508,536,2.49,2.48,2.48,2.42,2.43,33119787,80829857.15,19830
20240508,537,9.56,9.56,9.62,9.38,9.39,9730900,92192901.0,18808
20240508,538,56.98,57.0,57.56,56.62,56.9,7961192,453330435.84,24981
20240508,539,5.45,5.44,5.56,5.4,5.4,53989838,296017462.0,24707
20240508,541,5.77,5.74,5.77,5.65,5.67,11079876,62995265.52,17036
20240508,543,8.35,8.34,8.44,8.28,8.29,25978448,216859492.94,30870
20240508,544,8.55,8.57,8.8,8.45,8.48,19578799,168377252.02,29809
20240508,547,7.33,7.3,7.32,7.17,7.19,17898293,129290865.35,20399
20240508,548,4.69,4.68,4.69,4.58,4.6,10407417,48216964.03,12776
20240508,550,26.47,26.66,26.68,25.88,26.45,8872854,233633281.11,28800
20240508,551,9.66,9.65,9.83,9.58,9.73,7531741,73324894.52,9606
20240508,552,3.5,3.48,3.6,3.48,3.49,28175101,99575311.5,15665
20240508,553,6.58,6.61,6.63,6.48,6.49,5329692,34950804.94,12990
20240508,554,5.85,5.82,5.83,5.67,5.69,22864562,131349986.98,9606
20240508,555,13.3,13.18,13.4,12.7,13.19,43859819,573697326.53,49655
20240508,557,4.71,4.7,4.74,4.65,4.66,9370900,43981022.0,13337
20240508,558,2.53,2.52,2.74,2.49,2.55,41451350,106996197.0,15238
20240508,560,2.02,1.97,2.0,1.88,1.9,113888551,219252161.22,35716
20240508,563,3.16,3.15,3.15,3.08,3.09,69668934,216482879.96,40969
20240508,565,4.79,4.79,4.84,4.71,4.76,6192543,29579210.49,7222
20240508,566,3.72,3.8,3.86,3.74,3.82,24644472,93950461.18,16118
20240508,567,10.02,10.02,10.02,9.85,9.85,6205280,61552261.55,11236
20240508,568,193.62,193.63,194.2,189.6,190.97,5503315,1052275041.42,30139
20240508,570,5.23,5.3,5.31,5.17,5.18,10009948,52243476.6,11174
20240508,572,3.74,3.72,3.72,3.65,3.65,14965701,55035504.65,8542
20240508,573,2.72,2.7,2.74,2.64,2.65,11062494,29559736.72,8356
20240508,576,7.52,7.56,7.65,7.39,7.43,5157100,38613251.0,8624
20240508,581,18.6,18.53,18.58,18.36,18.36,8243990,152223175.81,18250
20240508,582,8.23,8.24,8.28,8.1,8.11,11915981,97516963.46,18110
20240508,586,9.81,9.85,10.1,9.58,9.58,9685497,94557378.11,10685
20240508,589,6.45,6.42,6.46,6.16,6.19,78010049,488760592.15,35729
20240508,590,6.89,6.88,7.03,6.76,6.91,5992168,41304159.2,10389
20240508,591,5.22,5.23,5.24,5.15,5.16,30377651,157366571.65,18084
20240508,592,2.01,2.01,2.18,1.98,2.13,92091360,190891228.19,16196
20240508,593,5.52,5.46,5.6,5.46,5.5,6017800,33237363.0,9256
20240508,596,280.38,280.5,281.0,275.0,277.48,884689,245296687.16,6777
20240508,597,5.04,5.02,5.24,5.0,5.04,28608943,145299326.35,30293
20240508,598,7.44,7.43,7.46,7.33,7.35,23324284,172284096.42,32609
20240508,600,7.0,6.95,7.06,6.88,6.91,14573210,101295974.3,19562
20240508,601,4.02,4.02,4.08,3.99,4.0,7474480,30045025.37,6819
20240508,605,5.2,5.2,5.24,5.15,5.2,5782996,30050436.0,6881
20240508,607,3.97,3.96,3.99,3.9,3.92,7143200,28113531.0,10931
20240508,610,12.78,12.76,12.78,12.5,12.53,8504243,106763707.75,11455
20240508,617,5.95,5.93,5.94,5.82,5.83,56420300,330734664.8,21049
20240508,619,5.0,4.99,5.03,4.95,4.95,4913950,24485909.01,7824
20240508,623,14.99,14.97,15.0,14.74,14.77,12716781,189047223.63,15641
20240508,625,14.46,14.5,15.06,14.33,14.98,358397961,5312636302.43,282186
20240508,626,5.54,5.53,5.63,5.48,5.55,3344604,18574152.83,6307
20240508,629,3.2,3.19,3.19,3.1,3.11,111694363,349251502.94,48747
20240508,630,4.0,3.96,3.99,3.91,3.93,189477228,747589186.41,54833
20240508,631,2.86,2.85,2.85,2.77,2.78,14814020,41455208.38,12881
20240508,632,3.28,3.3,3.3,3.2,3.21,7211500,23327370.0,7261
20240508,635,7.29,7.23,7.5,7.17,7.18,10590900,77408314.6,14697
20240508,636,12.48,12.47,12.55,12.32,12.35,8174001,101480846.36,17810
20240508,639,3.32,3.32,3.32,3.26,3.28,10329489,33936375.03,11166
20240508,650,6.8,6.79,7.08,6.79,6.87,52496370,363704774.4,50339
20240508,651,42.67,42.63,42.84,42.15,42.2,30191761,1280662523.81,69862
20240508,652,3.57,3.58,3.59,3.54,3.55,7653680,27265303.0,4658
20240508,655,6.58,6.56,6.58,6.4,6.44,8156301,52719196.43,11756
20240508,659,1.86,1.87,1.88,1.84,1.85,8472200,15767561.0,3608
20240508,661,118.61,118.63,119.55,116.8,117.17,4103000,484208834.48,18144
20240508,663,5.84,5.81,5.85,5.68,5.71,5466803,31386105.19,9917
20240508,665,3.83,3.83,3.83,3.74,3.75,6799579,25627012.41,6382
20240508,669,1.5,1.5,1.57,1.49,1.54,10532140,16197396.2,1300
20240508,672,7.04,7.04,7.04,6.87,6.89,9935298,68925273.45,11598
20240508,676,6.77,6.7,6.73,6.51,6.53,39737996,261960789.56,33172
20240508,677,3.0,2.97,2.99,2.9,2.91,19982700,58723438.0,11334
20240508,678,4.98,4.98,4.99,4.82,4.84,9421720,46014163.6,11298
20240508,679,3.4,3.4,3.45,3.35,3.37,5842900,19780958.0,5811
20240508,680,8.83,8.74,8.85,8.56,8.76,28630781,248919823.27,37847
20240508,681,14.01,13.88,14.28,13.63,13.64,28095738,390694927.54,35008
20240508,682,10.66,10.64,11.1,10.48,10.77,29529729,319385245.05,27049
20240508,683,7.67,7.57,7.66,7.48,7.58,45036790,340524734.2,42311
20240508,685,7.79,7.8,7.8,7.7,7.7,8262368,63963350.8,10373
20240508,686,6.85,6.83,6.84,6.75,6.75,14302097,97066632.89,11419
20240508,688,13.95,13.99,14.04,13.68,13.75,3839400,53045176.49,7231
20240508,690,5.69,5.73,5.83,5.58,5.59,63408100,361378808.0,43177
20240508,698,3.86,3.84,3.91,3.81,3.82,19551552,75218270.64,14593
20240508,700,6.78,6.6,6.6,6.25,6.39,51222002,327525052.74,34897
20240508,701,4.39,4.38,4.38,4.28,4.31,23188400,100280493.0,25021
20240508,702,4.32,4.32,4.42,4.28,4.38,8576900,37416650.0,6718
20240508,703,7.69,7.75,7.75,7.58,7.58,15283100,116637817.57,26952
20240508,705,9.09,8.94,9.72,8.77,9.45,65799631,608214583.63,49376
20240508,707,8.1,8.13,8.66,8.07,8.24,41291152,343532394.56,32720
20240508,708,15.94,15.9,16.02,15.8,15.87,7557047,120091399.57,18080
20240508,709,2.24,2.24,2.24,2.19,2.19,57737159,127763917.39,16267
20240508,710,9.23,9.5,10.15,9.45,9.69,44699381,438914936.03,51558
20240508,712,11.0,10.99,10.99,10.67,10.71,12602300,135812244.0,15992
20240508,713,6.47,6.46,6.7,6.42,6.68,17996837,118237783.48,14699
20240508,715,6.24,6.24,6.28,6.12,6.16,11649190,71954014.3,11864
20240508,716,4.76,4.75,4.75,4.63,4.64,12345800,57709346.0,10064
20240508,717,2.19,2.18,2.2,2.17,2.17,12338393,26902485.17,4648
20240508,718,2.08,2.06,2.07,2.0,2.02,29187535,59310693.65,17760
20240508,719,10.57,10.51,10.52,10.26,10.27,13000743,134455229.21,19448
20240508,720,3.15,3.15,3.17,3.08,3.11,7482700,23353416.0,8108
20240508,721,8.43,8.43,8.44,8.25,8.3,10925000,90712977.0,11383
20240508,723,6.32,6.31,6.33,6.19,6.19,32153168,201150866.42,27039
20240508,725,4.43,4.44,4.45,4.37,4.42,405321919,1787022742.25,88569
20240508,726,6.35,6.33,6.37,6.26,6.29,4014972,25314341.48,5595
20240508,727,2.34,2.33,2.34,2.27,2.28,65080374,149364928.72,29387
20240508,728,6.85,6.82,6.84,6.72,6.74,28506272,192788180.63,20439
20240508,729,10.11,10.11,10.11,9.89,9.94,21037900,209642957.57,23419
20240508,731,7.43,7.36,7.44,7.25,7.27,12737128,93360040.52,10974
20240508,733,48.28,48.3,48.34,46.7,46.7,14104121,666615523.2,29958
20240508,735,5.0,5.02,5.08,4.98,5.04,16864400,84867366.0,14906
20240508,737,10.27,9.99,10.33,9.82,9.96,94787311,951652896.45,79196
20240508,738,20.0,19.9,20.46,19.72,20.31,14139346,284823135.44,29437
20240508,739,14.96,14.85,16.08,14.77,15.66,44548761,684784625.38,64530
20240508,750,3.35,3.34,3.35,3.3,3.31,27421860,91038910.2,12706
20240508,751,3.15,3.13,3.14,3.08,3.08,24970260,77419856.0,14320
20240508,753,3.4,3.39,3.41,3.34,3.35,6736070,22713551.9,8481
20240508,755,4.71,4.7,4.71,4.61,4.62,7571600,35257104.0,5312
20240508,756,16.57,16.78,17.37,16.75,17.35,30427738,519507439.24,53368
20240508,757,3.37,3.38,3.42,3.29,3.3,8779002,29367625.6,7718
20240508,758,5.19,5.19,5.23,5.11,5.16,42313388,218907483.08,32977
20240508,759,3.69,3.75,3.8,3.68,3.7,12082200,45135175.4,8848
20240508,761,3.16,3.15,3.21,3.12,3.17,13552946,42872160.32,14767
20240508,762,22.19,22.1,22.13,21.75,21.76,8670206,189818633.34,19835
20240508,766,17.56,17.56,18.19,17.41,18.06,30503968,544730641.57,34109
20240508,767,2.55,2.55,2.61,2.53,2.53,20140742,51607140.51,9733
20240508,768,23.49,23.3,23.43,23.07,23.21,20957980,487303610.29,41750
20240508,776,13.27,13.22,13.25,13.1,13.11,22926556,301697067.25,19000
20240508,778,3.84,3.83,3.83,3.78,3.79,36721191,139601511.89,17015
20240508,779,9.11,9.1,9.1,8.81,8.85,4556400,40583660.0,4774
20240508,782,4.6,4.62,4.62,4.52,4.53,3900052,17776684.16,6294
20240508,783,5.61,5.59,5.6,5.53,5.55,36838250,204829178.0,19694
20240508,785,3.02,3.02,3.02,2.9,2.91,32394565,95310914.62,19644
20240508,786,32.99,33.0,33.29,32.9,32.99,8058755,266501959.08,21820
20240508,788,6.0,6.0,6.6,5.95,6.43,55580771,348610968.09,48764
20240508,789,5.72,5.68,5.71,5.56,5.57,5800990,32594570.9,8565
20240508,792,18.21,18.21,18.55,18.05,18.09,60413277,1103491461.53,72364
20240508,795,6.26,6.22,6.26,6.18,6.19,10324300,64155941.0,17040
20240508,797,2.71,2.69,2.69,2.6,2.61,35530418,93436004.6,17298
20240508,798,6.93,6.92,7.01,6.84,6.93,4866200,33790606.0,6117
20240508,799,58.14,57.5,58.75,56.21,56.47,11250248,644734696.51,39728
20240508,800,9.19,9.16,9.18,9.0,9.06,15797258,143518760.34,22172
20240508,802,5.95,5.97,5.97,5.72,5.75,7398700,42862332.0,5765
20240508,803,4.37,4.34,4.39,4.31,4.34,6020176,26141749.92,9248
20240508,807,14.8,14.63,14.81,14.44,14.58,31875819,465562133.74,33654
20240508,811,11.69,11.62,11.66,11.4,11.4,12348852,142419509.2,17381
20240508,812,4.33,4.31,4.33,4.27,4.27,8138700,34924353.0,9967
20240508,813,2.94,3.01,3.1,2.93,2.99,85085972,255824799.53,43202
20240508,815,8.98,8.97,8.98,8.79,8.8,11557482,102221330.7,12276
20240508,816,2.3,2.31,2.53,2.3,2.53,65912456,162118175.72,16406
20240508,818,28.17,28.14,28.14,27.27,27.3,6898700,190176189.27,16241
20240508,819,14.94,14.98,15.33,14.81,15.15,2878899,43388590.83,6034
20240508,821,14.41,14.42,14.52,14.07,14.08,21555395,307622219.37,28353
20240508,822,7.21,7.14,7.25,7.06,7.08,21458800,153127846.0,19759
20240508,823,8.18,8.2,8.23,8.09,8.1,5030920,40995229.6,8473
20240508,825,3.89,3.87,3.89,3.8,3.8,28181218,108096282.07,22825
20240508,826,2.21,2.21,2.22,2.17,2.17,14518927,31707740.39,5455
20240508,828,10.2,10.18,10.21,10.02,10.04,8157400,82365058.0,14330
20240508,829,8.17,8.15,8.16,8.01,8.06,12660900,102238015.0,16071
20240508,830,12.01,11.9,12.11,11.87,11.99,28954263,346722280.01,42385
20240508,831,29.21,29.0,30.23,28.6,29.61,39359962,1163514311.33,59830
20240508,833,6.86,6.85,6.93,6.8,6.85,10449245,71761382.8,11143
20240508,837,9.16,9.2,9.2,8.94,8.95,11280929,101700090.55,18768
20240508,838,2.95,2.94,2.94,2.82,2.84,14881500,42664682.0,7831
20240508,848,9.47,9.47,9.51,9.2,9.25,16135301,150413235.83,30594
20240508,850,3.5,3.51,3.51,3.45,3.45,6632210,23032931.5,8593
20240508,852,6.44,6.39,6.41,6.25,6.29,10564728,66777449.9,11681
20240508,856,7.39,7.38,7.39,7.17,7.2,6464400,46857581.0,5909
20240508,858,155.94,155.98,156.32,154.35,155.0,10107370,1567926317.44,47159
20240508,860,19.29,19.2,19.28,18.8,19.02,13066060,248465690.22,28065
20240508,862,5.28,5.28,5.37,5.22,5.23,9656052,51096026.96,8081
20240508,868,4.46,4.44,4.44,4.37,4.39,7042700,30965949.0,9400
20240508,869,25.06,25.04,25.69,24.93,25.16,3428500,86993470.0,10879
20240508,875,5.01,5.0,5.17,4.97,5.03,79707037,405175551.49,36548
20240508,876,8.95,8.95,9.25,8.91,9.13,42438398,386341976.59,32211
20240508,877,6.43,6.43,6.44,6.36,6.37,10291051,65753036.87,15934
20240508,880,9.07,9.03,9.08,8.89,8.89,3124730,28043707.9,7002
20240508,882,1.43,1.43,1.43,1.4,1.4,17324544,24409505.6,3930
20240508,883,5.77,5.81,5.85,5.74,5.76,25852900,149603105.0,60531
20240508,885,13.13,13.13,13.23,12.93,12.94,6451398,84532069.48,10837
20240508,886,4.96,4.9,4.99,4.8,4.85,29939589,146020834.67,30342
20240508,887,13.96,13.82,13.95,13.6,13.65,22023588,302013150.28,30992
20240508,888,11.61,11.54,11.68,11.28,11.39,28946570,329929180.97,28281
20240508,890,3.53,3.53,3.54,3.45,3.47,10140010,35322880.7,6514
20240508,892,3.05,3.01,3.03,2.95,2.96,12237201,36477850.96,13952
20240508,893,19.04,18.86,19.15,18.52,18.66,16079246,302321684.18,37318
20240508,895,26.34,26.31,26.78,26.15,26.63,12992812,344936700.31,30930
20240508,897,2.36,2.33,2.34,2.26,2.28,59194815,135732439.05,14146
20240508,898,2.4,2.39,2.4,2.35,2.35,41787892,98800480.03,16955
20240508,899,10.67,10.57,11.2,10.55,10.82,77166468,842210394.13,58784
20240508,900,3.98,3.97,4.02,3.96,3.96,8124682,32418353.83,9202
20240508,901,8.46,8.48,8.55,8.32,8.35,12309023,103577803.7,16263
20240508,902,12.14,12.08,12.23,11.97,11.99,8248114,99286121.86,22042
20240508,903,2.25,2.23,2.24,2.2,2.2,25944775,57489090.0,8622
20240508,906,7.87,7.82,7.85,7.71,7.73,6916493,53729260.25,14225
20240508,910,7.03,7.03,7.07,6.93,6.93,3689446,25788885.61,7579
20240508,911,7.73,7.7,7.98,7.63,7.69,13168501,102364511.74,12214
20240508,912,4.29,4.3,4.35,4.24,4.24,8910588,38166075.88,10581
20240508,913,19.85,19.51,20.45,19.3,19.91,15332221,305199319.86,23340
20240508,915,36.33,36.27,36.5,35.71,35.88,2548160,91645590.8,11928
20240508,917,5.91,5.87,5.89,5.69,5.71,43000315,247552697.31,41683
20240508,919,7.18,7.17,7.28,7.14,7.23,8003100,57783650.0,13094
20240508,920,8.95,8.95,8.98,8.85,8.87,4210600,37563813.0,8988
20240508,921,40.56,40.53,41.27,40.2,40.85,7416418,302962685.77,27808
20240508,922,12.74,12.77,12.77,12.41,12.51,10941276,137014445.51,14456
20240508,923,18.62,18.5,18.69,18.15,18.36,13730279,252442377.6,19987
20240508,925,6.65,6.62,6.62,6.42,6.43,14269752,92627446.28,15051
20240508,926,3.67,3.65,3.66,3.53,3.54,19407400,69419812.5,13299
20240508,927,2.68,2.67,2.68,2.63,2.64,23141600,61506978.0,10693
20240508,928,6.87,6.88,6.88,6.66,6.68,33615624,226898759.75,28693
20240508,930,6.51,6.46,6.52,6.42,6.46,14616700,94463566.0,21372
20240508,931,4.45,4.44,4.5,4.38,4.45,8721300,38797220.52,14404
20240508,932,5.14,5.11,5.12,5.0,5.01,142076267,715108595.21,62054
20240508,933,22.86,22.49,23.2,22.41,22.78,31413836,718405062.13,53634
20240508,935,14.92,14.85,14.85,14.46,14.52,3819207,55877824.17,8823
20240508,936,7.47,7.44,7.44,7.25,7.26,18288989,133891323.01,20351
20240508,937,7.82,7.8,7.95,7.78,7.88,49368980,389880875.6,42631
20240508,938,20.94,20.8,20.81,20.32,20.33,43960835,901740969.31,56580
20240508,948,14.52,14.43,14.43,13.96,13.97,14504285,204699345.42,17434
20240508,949,4.73,4.63,5.04,4.54,4.92,189593515,905291934.5,108266
20240508,950,5.6,5.6,5.62,5.55,5.59,15473074,86469054.61,14582
20240508,951,16.45,16.42,16.42,15.99,16.02,15585574,251006843.28,27771
20240508,952,7.14,6.99,7.85,6.71,7.85,66265634,482556005.83,54254
20240508,953,3.45,3.47,3.52,3.38,3.47,11350200,39215820.0,10485
20240508,955,4.61,4.58,4.6,4.47,4.48,9665983,43669599.67,9219
20240508,957,9.33,9.26,9.29,9.05,9.08,17155254,156460172.78,19411
20240508,959,3.2,3.19,3.21,3.14,3.15,29097772,92251657.08,24314
20240508,960,16.87,16.67,16.97,16.52,16.65,27015559,451686119.39,35558
20240508,962,11.29,11.2,11.23,10.94,10.94,13392443,148111765.16,24060
20240508,963,33.88,33.71,33.9,33.08,33.33,12652814,422000596.71,31254
20240508,965,3.17,3.1,3.14,2.99,3.01,69662554,211702366.0,44452
20240508,966,4.82,4.84,5.01,4.83,4.87,59753021,294074882.65,38699
20240508,967,4.95,4.95,4.96,4.89,4.9,14232496,70000632.32,19295
20240508,968,6.98,6.96,7.02,6.91,6.92,8607496,60025568.32,12141
20240508,969,9.07,9.01,9.02,8.87,8.88,15158900,135137549.0,17355
20240508,970,8.94,8.91,8.93,8.77,8.77,9849087,86868932.69,16568
20240508,975,18.56,18.3,18.89,18.11,18.71,41224769,764817931.13,78789
20240508,977,40.18,39.8,39.85,38.88,39.04,54938566,2160405379.53,105021
20240508,978,6.76,6.75,6.8,6.59,6.76,9310600,62038720.0,5722
20240508,980,2.14,2.04,2.09,2.01,2.02,157252346,321167003.92,40404
20240508,981,1.55,1.56,1.56,1.53,1.53,28545952,44079017.56,6897
20240508,983,10.68,10.67,11.13,10.63,10.99,59780207,654869567.73,59997
20240508,985,15.05,15.03,15.35,14.78,15.05,2495600,37433130.97,4951
20240508,987,5.76,5.74,5.76,5.67,5.68,12959519,73910321.52,16186
20240508,988,32.94,32.81,32.9,32.25,32.32,22456276,729833134.82,46578
20240508,990,8.11,8.36,8.37,8.13,8.17,44534538,365566648.2,47144
20240508,993,10.47,10.5,11.25,10.43,10.69,46065232,497503613.72,46141
20240508,997,16.85,16.88,16.88,16.21,16.22,20387936,334175867.66,31656
20240508,998,12.38,12.4,12.49,12.24,12.29,21398911,263870826.02,26402
20240508,999,60.35,60.46,61.29,60.23,60.9,4496347,273299749.56,18378
20240508,1201,21.49,21.5,22.84,21.33,22.38,3448046,76457118.16,8812
20240508,1202,13.77,13.67,13.74,13.24,13.38,1922000,25875853.0,4121
20240508,1203,10.9,10.87,10.98,10.8,10.84,6088270,66327567.78,14498
20240508,1205,18.04,18.28,18.29,17.8,17.97,2403548,43362090.92,5578
20240508,1206,14.82,14.95,14.97,14.68,14.71,2403464,35524712.08,7554
20240508,1207,17.05,16.98,17.24,16.77,16.88,4897397,82808953.54,11923
20240508,1208,7.93,7.97,7.97,7.79,7.81,3958500,31140850.0,7472
20240508,1209,15.51,15.53,15.6,15.2,15.26,2080641,31910815.43,5324
20240508,1210,16.62,16.58,16.99,16.57,16.69,2395034,40199718.18,6458
20240508,1211,18.07,18.07,18.25,17.77,17.82,1081300,19380829.0,3537
20240508,1213,4.32,4.31,4.33,4.27,4.27,15818897,67948825.16,19583
20240508,1215,38.45,38.43,38.65,37.66,37.77,1643166,62512422.58,5250
20240508,1216,14.7,14.71,14.86,14.36,14.39,5382400,78476840.0,9810
20240508,1217,11.6,11.59,11.59,11.11,11.22,13484575,151294658.25,19714
20240508,1218,19.44,19.45,19.74,19.16,19.38,681760,13239770.6,2849
20240508,1219,17.4,17.32,17.99,17.31,17.4,6650196,117064774.95,8380
20240508,1222,13.68,13.74,13.84,13.41,13.44,1734980,23561006.2,4689
20240508,1223,42.8,42.8,43.04,41.52,41.59,708500,29816049.0,3273
20240508,1225,32.86,32.86,32.95,32.37,32.4,233900,7614323.0,1096
20240508,1226,35.2,35.19,35.55,34.81,35.44,1629000,57533730.0,2830
20240508,1227,2.55,2.55,2.55,2.51,2.51,39758322,100571621.22,9441
20240508,1228,26.19,26.08,26.41,25.85,25.95,656500,17132051.0,2379
20240508,1229,30.98,31.09,31.37,29.58,29.59,1955100,58907546.0,6808
20240508,1230,19.51,19.31,19.77,19.31,19.44,568065,11048647.75,2070
20240508,1231,17.14,17.28,17.45,16.84,17.07,1325555,22713220.95,3651
20240508,1234,18.91,18.8,18.95,18.48,18.53,1756033,32846670.5,7029
20240508,1236,9.81,9.8,9.87,9.66,9.67,4496300,43845597.0,11817
20240508,1238,22.61,22.8,23.5,22.61,23.0,2093768,48106733.44,4510
20240508,1255,26.01,25.9,26.4,25.5,25.75,1776272,46039565.56,5008
20240508,1256,15.31,15.35,15.45,15.2,15.29,1272600,19493263.0,3523
20240508,1258,6.67,6.66,6.77,6.62,6.63,5246700,35060362.0,9203
20240508,1259,23.41,23.4,23.4,22.7,22.75,2110700,48495823.0,4663
20240508,1260,16.76,16.7,16.72,16.2,16.24,1147900,18834832.0,3512
20240508,1266,23.11,23.19,23.24,22.63,22.68,1120252,25600731.64,3299
20240508,1267,3.97,3.96,4.04,3.9,3.92,10753320,42593218.2,8604
20240508,1268,19.18,19.16,19.32,18.94,19.0,1467309,28030557.17,5425
20240508,1269,39.36,39.29,39.86,38.8,39.59,2997996,117856011.22,8147
20240508,1278,18.43,18.43,18.43,18.1,18.1,1098008,20018012.44,3921
20240508,1283,41.57,41.55,41.8,40.95,41.06,917200,37871588.0,4174
20240508,1288,23.96,23.68,23.97,23.21,23.58,1108200,26059397.0,4525
20240508,1289,18.44,18.44,18.55,18.18,18.2,7145978,131033829.71,15482
20240508,1296,24.24,24.15,24.43,23.77,23.79,2200678,53037599.5,6207
20240508,1298,24.47,24.46,24.59,24.0,24.04,2578355,62427683.6,8232
20240508,1299,12.97,12.97,13.16,12.8,12.8,4763999,61791294.1,8095
20240508,1300,13.3,13.2,14.22,13.14,13.71,16068589,219173506.96,32753
20240508,1301,41.44,40.81,41.0,38.93,38.98,4919388,195410112.0,15893
20240508,1308,25.62,25.54,25.54,25.19,25.2,3532000,89398493.74,9940
20240508,1309,98.2,96.98,99.58,96.05,97.72,4186706,410672917.1,18746
20240508,1311,39.31,39.31,39.38,38.85,38.93,1316967,51404964.07,5404
20240508,1313,8.83,8.85,9.1,8.68,8.91,4584800,41146904.0,8650
20240508,1314,42.72,42.49,43.74,41.75,42.35,4109913,176560742.64,14557
20240508,1316,31.3,31.0,31.1,30.3,30.39,957291,29284917.13,3928
20240508,1317,28.48,28.42,28.87,28.18,28.58,1441057,41148405.33,4143
20240508,1318,11.67,11.67,11.76,11.59,11.61,1834600,21382209.0,3894
20240508,1319,19.19,19.2,19.25,18.77,18.81,2148243,40854678.87,6899
20240508,1322,9.39,9.43,9.43,9.18,9.19,2718400,25252453.0,8683
20240508,1323,35.16,35.0,35.65,34.91,35.17,893400,31440330.0,3635
20240508,1330,7.2,7.32,7.36,7.03,7.07,16383472,116860277.68,23070
20240508,1331,13.98,13.94,14.05,13.58,13.95,2804719,38661696.57,6895
20240508,1332,27.8,27.82,28.05,27.65,27.96,794160,22125391.4,2241
20240508,1333,19.91,19.6,20.89,18.99,19.26,7216064,142416668.93,15601
20240508,1336,20.52,20.52,20.6,19.94,20.06,931600,18831906.0,2679
20240508,1337,26.33,26.05,27.44,25.8,27.19,15404790,412977130.35,35916
20240508,1338,11.46,11.44,11.5,11.25,11.28,8708200,98731333.0,18166
20240508,1339,28.28,28.28,28.29,27.52,27.56,4168100,115704985.0,13789
20240508,1366,15.0,14.03,14.99,13.75,14.51,16304263,233082006.46,24022
20240508,1368,21.49,21.45,22.03,21.22,21.28,2234440,48044966.74,7554
20240508,1696,12.61,12.0,13.01,11.89,12.73,222336753,2792601875.35,188073
20240508,1872,19.28,19.21,19.28,19.02,19.05,3092606,59154499.23,12256
20240508,1896,4.41,4.4,4.62,4.37,4.52,61730999,278946724.34,44527
20240508,1914,11.28,11.15,11.21,10.86,10.88,14344300,158257131.86,22775
20240508,1965,11.27,11.27,11.48,11.23,11.43,24374425,278130299.12,32556
20240508,1979,8.96,8.88,8.91,8.62,8.65,64413843,562346349.51,46866
20240508,2001,19.8,19.82,19.98,19.64,19.73,27561082,544964786.53,40869
20240508,2003,12.15,12.16,12.19,11.96,12.03,3726351,44974251.96,12332
20240508,2004,4.74,4.74,4.81,4.72,4.75,18472161,88108292.53,18452
20240508,2005,1.07,1.06,1.11,1.06,1.08,12663481,13763290.48,911
20240508,2006,14.28,14.38,15.35,14.16,15.28,19532697,292124651.18,31873
20240508,2007,19.7,19.79,19.89,19.46,19.53,10238455,200636488.85,22811
20240508,2008,21.29,21.2,21.26,20.83,20.86,23053558,483980221.85,39632
20240508,2009,14.71,14.48,14.53,14.05,14.11,16033715,228408924.21,23718
20240508,2010,4.59,4.59,4.6,4.55,4.55,11801900,53947514.0,16366
20240508,2011,12.25,12.2,12.28,11.91,11.92,11473308,137860635.55,22679
20240508,2012,4.18,4.18,4.2,4.11,4.12,6222806,25770235.66,8366
20240508,2014,10.17,10.19,10.19,10.05,10.08,3595846,36347960.6,6850
20240508,2015,9.79,9.73,9.85,9.58,9.6,14311400,138801476.0,14137
20240508,2017,9.42,9.4,9.41,9.22,9.25,4968578,46164953.33,9708
20240508,2019,14.1,14.11,14.4,14.0,14.2,17557479,249459684.77,32186
20240508,2020,12.25,12.17,12.23,12.01,12.01,14161660,171163379.15,26543
20240508,2023,11.19,10.94,10.95,10.58,10.71,49658952,534922482.77,55078
20240508,2024,1.53,1.53,1.54,1.52,1.52,10881887,16600046.24,1186
20240508,2025,43.06,43.0,43.97,42.39,43.27,7360635,317615308.14,23184
20240508,2026,9.0,9.0,9.15,8.94,8.96,8663800,78122936.0,14372
20240508,2027,6.63,6.59,6.62,6.46,6.5,147573077,962503508.45,90212
20240508,2028,68.31,68.44,69.58,67.68,68.36,4368139,299995576.26,21108
20240508,2029,5.81,5.79,5.81,5.74,5.76,5989150,34539891.0,9557
20240508,2030,7.18,7.22,7.68,7.21,7.37,41031858,304928654.93,43349
20240508,2031,3.39,3.34,3.37,3.28,3.3,74873800,248230300.0,27426
20240508,2032,59.01,58.7,59.28,58.5,58.6,1406015,82641068.15,8882
20240508,2033,9.91,9.86,9.88,9.7,9.73,15790985,154093994.75,10558
20240508,2034,14.75,14.73,14.8,14.65,14.67,2142774,31551523.05,6941
20240508,2035,7.96,7.94,8.07,7.73,7.76,47735650,377126346.47,42003
20240508,2036,7.71,7.69,7.75,7.51,7.53,23285760,176761936.96,27051
20240508,2037,6.73,6.93,7.11,6.44,6.56,40468877,270015235.87,41310
20240508,2038,8.83,8.87,8.95,8.75,8.87,14997600,132867918.39,19865
20240508,2039,17.0,17.02,17.25,16.91,17.06,4390345,74875231.69,7179
20240508,2040,6.36,6.34,6.39,6.28,6.3,4127830,26152770.2,6373
20240508,2041,10.05,10.01,10.1,9.95,9.99,6643056,66548536.34,11116
20240508,2042,4.75,4.7,4.72,4.53,4.56,33692626,154476404.88,18647
20240508,2043,11.03,10.88,11.0,10.69,10.71,10968362,118691642.48,23309
20240508,2044,4.53,4.54,4.58,4.45,4.53,63101312,284120966.53,42829
20240508,2045,13.03,13.02,13.02,12.65,12.65,8835062,112568151.2,13734
20240508,2046,10.99,11.2,12.09,11.11,11.82,50664830,594006366.35,49958
20240508,2048,14.42,14.42,14.55,14.19,14.2,6254800,89511942.0,15243
20240508,2049,58.61,58.71,58.79,56.35,56.68,16616669,951427030.02,46863
20240508,2050,22.41,22.41,22.43,21.87,21.87,29327800,646421546.57,48354
20240508,2051,7.93,7.9,7.91,7.73,7.74,13374300,104293164.0,11390
20240508,2053,12.97,13.05,13.05,12.58,12.63,10947521,139775414.18,22798
20240508,2054,6.14,6.13,6.16,6.03,6.08,6673599,40604287.93,10758
20240508,2055,6.69,6.66,6.66,6.48,6.52,10852814,71078272.26,13938
20240508,2056,14.44,14.47,14.54,14.29,14.35,9665171,139340053.58,18901
20240508,2057,8.18,8.15,8.75,8.04,8.62,61734929,519359141.53,37466
20240508,2059,5.14,5.1,5.14,5.04,5.06,8780703,44497670.15,7220
20240508,2060,4.24,4.23,4.25,4.13,4.15,29567673,123806563.67,26711
20240508,2061,4.0,3.97,4.09,3.96,4.01,53477770,214911812.78,25551
20240508,2062,4.25,4.21,4.24,4.14,4.15,6577400,27534712.0,7699
20240508,2063,5.37,5.38,5.38,5.25,5.27,24085424,127457386.23,21804
20240508,2065,5.48,5.47,5.47,5.32,5.34,19479704,104575213.56,21045
20240508,2066,9.04,9.03,9.06,8.88,8.91,4274149,38264720.08,7700
20240508,2067,3.0,3.0,3.01,2.95,2.96,13692280,40852609.4,9287
20240508,2068,9.75,9.74,9.76,9.43,9.46,9792298,93454704.02,19736
20240508,2072,4.05,4.08,4.12,3.87,3.91,7607044,29997983.88,8983
20240508,2073,9.12,9.02,9.32,9.02,9.06,24732809,226340635.69,28089
20240508,2074,19.33,19.25,19.37,18.96,18.99,11760616,225054803.84,21068
20240508,2075,4.36,4.34,4.34,4.17,4.2,41141625,174276718.35,24782
20240508,2077,12.74,12.74,12.76,12.41,12.42,9507624,119034369.84,16294
20240508,2078,15.28,15.34,15.69,15.25,15.63,25846253,401453065.44,48987
20240508,2079,9.38,9.37,9.37,9.08,9.1,11981138,109922250.84,17876
20240508,2080,16.66,16.61,16.61,16.11,16.12,22364656,363490720.98,30009
20240508,2081,3.49,3.47,3.48,3.4,3.42,13353801,45944754.45,12386
20240508,2082,5.14,5.16,5.27,5.12,5.25,9090739,47403837.58,14201
20240508,2083,4.92,4.92,4.94,4.89,4.89,8406900,41267481.0,11959
20240508,2084,3.01,3.05,3.05,2.96,2.97,6839782,20447066.1,7849
20240508,2085,16.18,15.35,17.17,15.01,16.39,306249453,4997088052.89,303619
20240508,2088,14.47,14.47,14.57,14.19,14.22,2379610,34172282.6,8353
20240508,2090,9.36,9.38,9.43,9.26,9.26,5543200,51723674.0,10279
20240508,2091,7.84,7.88,7.88,7.66,7.67,14821303,114201660.96,21008
20240508,2093,7.0,7.0,7.0,6.81,6.81,8656200,59585452.0,12936
20240508,2094,2.7,2.71,2.79,2.64,2.66,27403160,73967328.0,14787
20240508,2095,14.89,14.9,14.9,14.38,14.41,2317700,33695743.0,6374
20240508,2096,12.86,12.8,12.88,12.38,12.55,12397716,155900613.68,21020
20240508,2097,8.29,8.13,8.3,7.92,8.01,51151751,413464687.02,48132
20240508,2098,6.1,6.15,6.33,6.1,6.19,4951200,30774850.0,5806
20240508,2099,6.56,6.55,6.62,6.46,6.48,10090300,66001128.0,16417
20240508,2100,7.67,7.62,7.8,7.59,7.71,27590595,212541032.5,30621
20240508,2101,12.88,12.84,12.87,12.52,12.57,5244685,66384139.75,12034
20240508,2103,6.05,6.04,6.04,5.87,5.88,12642000,74859840.0,9689
20240508,2104,6.28,6.27,6.27,6.12,6.14,8665900,53501552.0,11065
20240508,2105,5.01,4.97,5.03,4.88,4.89,3881988,19220397.6,5343
20240508,2106,10.79,10.76,10.8,10.5,10.52,12771242,135410814.77,26456
20240508,2107,5.02,5.02,5.08,4.98,5.01,6732900,33830858.8,10906
20240508,2108,3.77,3.75,3.78,3.69,3.7,12964120,48337845.9,12648
20240508,2109,4.3,4.28,4.73,4.22,4.5,34276621,155746491.11,25957
20240508,2110,3.53,3.53,3.54,3.46,3.47,15063391,52533014.41,11486
20240508,2111,11.31,11.19,11.19,10.88,10.97,15891054,174962687.5,23043
20240508,2112,9.02,8.95,9.09,8.93,8.94,6896160,62141371.7,12444
20240508,2115,5.94,5.98,5.99,5.72,5.73,25342818,146998181.5,26759
20240508,2116,11.07,11.06,11.07,10.63,10.66,19351785,208209028.36,23528
20240508,2117,8.34,8.34,8.34,8.14,8.16,3984499,32694219.84,8271
20240508,2119,11.3,11.32,11.32,11.05,11.08,8330900,92816622.76,12998
20240508,2120,8.18,8.18,8.23,8.05,8.06,28853894,233755327.75,32091
20240508,2121,4.33,4.32,4.53,4.29,4.31,24789750,108915321.0,22945
20240508,2122,3.2,3.2,3.2,3.07,3.07,29908254,93174510.55,17709
20240508,2125,12.73,12.44,13.88,12.36,13.3,83428718,1099918459.41,69954
20240508,2126,19.82,19.75,19.75,18.68,18.74,26638211,505602642.21,40906
20240508,2127,3.11,3.1,3.11,3.03,3.04,21080700,64475456.0,15799
20240508,2129,10.65,10.62,10.69,10.4,10.4,50559411,530683102.09,40552
20240508,2130,14.4,13.9,14.2,13.1,13.95,145901422,2013208978.6,110971
20240508,2131,1.98,2.06,2.1,1.99,2.02,221927236,449796417.95,48978
20240508,2132,2.7,2.68,2.69,2.63,2.64,8909215,23706847.75,5913
20240508,2133,2.72,2.69,2.7,2.64,2.64,10974312,29249611.68,6863
20240508,2134,8.05,8.06,8.12,7.89,7.92,3782400,30239086.0,7540
20240508,2135,4.72,4.71,4.72,4.62,4.64,6638400,30966906.0,10480
20240508,2137,5.26,5.25,5.28,5.16,5.16,8338200,43375768.0,12948
20240508,2138,26.8,26.8,26.81,25.92,25.94,8108380,212643772.7,25466
20240508,2139,10.47,10.46,10.51,10.28,10.29,19735596,204851876.44,29763
20240508,2140,8.67,8.65,8.69,8.54,8.61,5709892,49123509.48,11576
20240508,2142,23.0,22.99,23.2,22.9,22.94,17481850,402455910.21,31029
20240508,2144,9.56,9.56,9.57,9.33,9.35,2608000,24590781.0,4153
20240508,2145,4.7,4.72,4.76,4.63,4.65,48629770,228055266.15,37201
20240508,2148,5.13,5.1,5.11,4.96,4.97,17968200,90020997.0,20136
20240508,2149,15.18,15.18,15.18,14.79,14.86,3868400,57659956.0,10072
20240508,2150,13.59,13.41,14.17,13.41,13.91,8358981,116521832.3,15957
20240508,2151,28.8,28.51,29.68,28.12,29.09,16871025,485779068.82,35287
20240508,2152,11.84,11.85,11.85,11.37,11.37,32623501,375867768.12,41357
20240508,2154,6.03,6.02,6.04,5.95,5.96,18824226,112741706.48,21959
20240508,2155,16.9,16.84,17.83,16.51,17.4,63683347,1098104849.06,69711
20240508,2156,20.71,20.7,21.0,20.46,20.49,45243206,936708275.41,77120
20240508,2158,21.31,21.31,21.31,20.61,20.65,6170728,128819263.58,13691
20240508,2159,15.16,15.15,15.31,14.9,15.15,4919801,74162552.14,8110
20240508,2160,3.44,3.42,3.42,3.33,3.35,18537500,62468088.0,20681
20240508,2161,5.13,5.13,5.13,4.97,4.99,19675724,98851717.53,18492
20240508,2162,3.59,3.58,3.63,3.55,3.56,8468840,30378085.8,6621
20240508,2163,7.45,7.45,7.45,7.2,7.22,7879063,57474818.91,9527
20240508,2164,4.65,4.65,4.67,4.56,4.57,6204700,28563122.0,9799
20240508,2165,3.95,3.91,3.96,3.82,3.85,42323000,164038848.0,30964
20240508,2166,8.25,8.5,9.08,8.33,9.08,82953286,723740547.33,48175
20240508,2167,8.37,8.32,8.32,7.91,7.93,64782332,520699006.0,44451
20240508,2169,5.44,5.41,5.46,5.35,5.36,5050573,27232436.28,7251
20240508,2170,6.11,6.12,6.16,6.03,6.04,11226500,68367319.0,16334
20240508,2171,7.76,7.76,7.76,7.58,7.59,16925434,129359815.14,23371
20240508,2172,3.15,3.16,3.25,3.14,3.15,16897800,53695291.0,13118
20240508,2173,8.85,8.8,9.04,8.65,8.9,33403202,294769469.64,22112
20240508,2174,9.85,9.85,9.88,9.56,9.57,16090400,155236198.78,19834
20240508,2175,2.32,2.3,2.31,2.24,2.24,18719900,42333775.0,8617
20240508,2176,10.05,10.05,10.05,9.76,9.76,37626980,371444925.8,41909
20240508,2178,4.41,4.38,4.39,4.25,4.26,17455705,75108034.3,19619
20240508,2179,35.5,35.32,35.75,34.92,35.37,16229848,575189592.53,44786
20240508,2180,25.12,24.84,25.66,24.84,25.24,8058807,204185288.27,25390
20240508,2181,4.1,4.1,4.11,3.98,4.0,8113202,32656260.0,9418
20240508,2182,18.59,18.4,18.45,17.91,17.98,10472128,190015167.32,25957
20240508,2183,3.66,3.65,3.66,3.57,3.57,19516900,70215854.0,14277
20240508,2184,10.66,10.56,10.66,10.41,10.43,5356225,56083552.67,10980
20240508,2185,8.24,8.19,8.25,8.07,8.08,23170660,188744231.71,29488
20240508,2186,10.59,10.55,10.55,10.22,10.24,8765100,90878843.02,6858
20240508,2187,5.1,5.12,5.14,5.04,5.06,5655786,28768559.32,6512
20240508,2188,4.77,4.75,4.78,4.57,4.6,5444601,25291046.6,7992
20240508,2189,16.07,16.02,16.04,15.48,15.52,5622915,88303521.38,13174
20240508,2190,16.46,16.45,16.45,16.17,16.2,2572601,41910191.28,7578
20240508,2191,4.66,4.64,4.65,4.59,4.6,8813507,40650169.29,13938
20240508,2192,37.52,37.38,37.5,36.34,36.39,4705299,173167688.98,15535
20240508,2193,4.1,4.08,4.1,3.94,3.98,14252473,57004278.54,16076
20240508,2194,9.29,9.28,9.42,9.1,9.17,17008343,157436544.46,23340
20240508,2195,2.96,2.94,2.95,2.89,2.89,81281514,236532755.8,27500
20240508,2196,5.35,5.36,5.36,5.2,5.21,12241600,64413266.0,13133
20240508,2198,6.57,6.61,6.62,6.38,6.4,7718800,49804878.0,7015
20240508,2201,5.94,5.93,5.98,5.83,5.83,7173117,42215326.48,14141
20240508,2202,7.9,7.89,7.95,7.78,7.8,22386406,175924621.48,22899
20240508,2203,9.18,9.21,9.21,9.0,9.01,11395900,103352529.0,26044
20240508,2204,4.88,4.87,4.88,4.77,4.77,16645794,80024870.32,16696
20240508,2205,7.67,7.69,7.69,7.47,7.49,4073460,30769969.6,5354
20240508,2206,4.66,4.67,4.67,4.52,4.54,15216724,69655839.71,22503
20240508,2207,5.7,5.62,5.66,5.5,5.51,15679503,87189629.53,10397
20240508,2209,8.91,8.92,8.98,8.74,8.78,4400900,38938130.0,9503
20240508,2210,1.67,1.68,1.68,1.65,1.65,11641800,19341948.0,4033
20240508,2212,6.17,6.17,6.17,5.97,5.98,27650064,166694926.36,26783
20240508,2213,11.14,11.14,11.37,10.98,11.16,6352400,71164541.0,11377
20240508,2215,9.04,9.07,9.1,8.78,8.83,29183042,260539720.96,35567
20240508,2216,12.88,12.88,13.08,12.77,12.8,4135970,53253158.8,9470
20240508,2218,3.52,3.5,3.55,3.43,3.44,12085100,42016127.26,13264
20240508,2219,2.5,2.51,2.55,2.47,2.48,22564900,56490965.0,18014
20240508,2221,9.4,9.47,9.47,9.2,9.21,7542800,70067592.0,8408
20240508,2222,26.81,26.72,26.82,26.36,26.4,7826401,207823922.58,17797
20240508,2223,39.1,38.99,39.15,38.35,38.69,7578717,293443382.71,25101
20240508,2224,4.88,4.89,4.91,4.8,4.82,6181100,29955564.0,7219
20240508,2225,3.86,3.87,4.25,3.87,4.25,94906570,392464596.62,35169
20240508,2226,5.04,5.02,5.02,4.85,4.87,38184148,187130142.36,34055
20240508,2227,8.96,8.95,9.12,8.82,8.83,2630502,23557929.28,5342
20240508,2228,2.84,2.84,2.85,2.78,2.79,7223158,20272591.4,7469
20240508,2229,18.19,18.19,18.25,17.56,17.62,31435367,557733888.24,54825
20240508,2230,45.6,45.13,45.15,44.24,44.34,25141851,1120042263.36,55020
20240508,2232,13.67,13.5,13.85,13.4,13.44,9499107,128798732.22,16940
20240508,2233,7.08,7.06,7.1,6.96,6.96,8507748,59746760.92,11426
20240508,2234,10.06,9.99,10.27,9.95,10.11,5528300,55947717.15,7227
20240508,2235,5.18,5.15,5.17,5.04,5.05,14578166,74288229.94,14854
20240508,2236,18.04,17.95,17.96,17.5,17.53,36382297,643063303.33,41352
20240508,2237,12.46,12.32,12.75,12.25,12.59,23850913,299559974.78,36886
20240508,2238,9.99,9.89,9.89,9.62,9.63,12525725,121846494.6,17619
20240508,2239,2.87,2.86,2.87,2.8,2.8,47991480,135259154.8,18155
20240508,2240,18.58,18.54,18.54,18.18,18.2,6049403,110606653.27,12996
20240508,2241,16.35,16.34,16.38,16.05,16.13,49675194,804160849.62,55429
20240508,2242,12.14,12.1,12.13,11.82,11.85,8196298,97886349.04,10815
20240508,2243,6.38,6.38,6.44,6.31,6.32,9477256,60386186.88,9154
20240508,2244,6.89,6.8,6.95,6.7,6.73,58219102,396527747.64,41388
20240508,2245,8.72,8.7,8.75,8.5,8.5,16117200,138630921.0,20958
20240508,2246,8.4,8.32,8.46,8.22,8.32,14632030,121884443.45,14904
20240508,2247,1.45,1.44,1.45,1.39,1.41,15232800,21551395.0,9094
20240508,2248,6.63,6.63,6.63,6.48,6.51,7270300,47517523.0,10887
20240508,2249,5.39,5.4,5.41,5.26,5.27,30991179,164244204.96,26413
20240508,2250,6.25,6.23,6.31,6.18,6.22,12539100,78069521.0,13927
20240508,2254,11.24,11.26,11.8,11.2,11.62,42951912,497906809.81,50034
20240508,2255,5.62,5.58,5.67,5.55,5.58,9654931,54000166.67,10512
20240508,2256,2.04,2.03,2.06,2.01,2.02,18219000,37044402.0,4782
20240508,2258,10.24,10.2,10.22,9.87,9.87,18949536,189349570.96,20034
20240508,2261,13.98,13.03,13.3,12.59,12.84,109506287,1409961645.19,136756
20240508,2262,25.25,25.19,25.38,25.0,25.06,6962806,175273944.17,25359
20240508,2264,5.75,5.72,5.76,5.52,5.55,12869630,72159975.3,12601
20240508,2265,10.57,10.55,10.66,10.49,10.5,3469400,36650703.1,11071
20240508,2266,3.39,3.39,3.4,3.3,3.3,22543707,75102324.17,17651
20240508,2267,7.89,7.85,7.93,7.8,7.84,9387656,73771071.28,19508
20240508,2268,18.15,18.15,18.15,17.5,17.52,11472515,203173726.8,20387
20240508,2269,1.63,1.61,1.62,1.56,1.56,80867765,127453859.4,13188
20240508,2270,21.07,21.25,21.62,20.84,21.21,9364824,198870177.84,15840
20240508,2271,15.3,15.24,15.3,14.68,14.71,54690097,813966776.1,63300
20240508,2272,5.5,5.5,5.53,5.39,5.41,12421400,67807345.0,15139
20240508,2273,14.45,14.4,14.44,14.06,14.15,26545975,376555999.71,38404
20240508,2274,8.6,8.54,8.65,8.4,8.42,21659217,184077541.65,29870
20240508,2275,14.85,14.84,14.95,14.65,14.82,3307150,48999523.0,9304
20240508,2276,8.72,8.75,8.75,8.45,8.48,15952917,136745934.8,24771
20240508,2278,4.57,4.56,4.57,4.44,4.48,12243201,55072298.87,6898
20240508,2279,5.2,5.17,5.2,5.07,5.08,13136730,67286014.6,13167
20240508,2281,35.57,35.17,35.5,34.7,34.9,28345310,993345412.57,65676
20240508,2282,7.05,7.09,7.09,6.91,6.92,7000650,48747098.0,10898
20240508,2283,5.31,5.32,5.32,5.15,5.16,15070900,78627156.0,16975
20240508,2284,8.06,8.05,8.05,7.79,7.83,15547098,122896997.65,20394
20240508,2285,1.85,1.84,1.85,1.77,1.78,22029400,39634697.06,10911
20240508,2286,6.92,6.8,7.13,6.74,6.97,25698425,178568596.68,26486
20240508,2287,23.15,22.92,23.26,22.72,22.85,1786728,40969622.4,7790
20240508,2290,15.02,15.05,15.38,14.6,14.74,2890600,43228536.0,6593
20240508,2291,5.98,5.97,6.0,5.79,5.81,18201121,106383675.09,28415
20240508,2292,7.07,7.01,7.02,6.78,6.79,52596053,361147440.16,51639
20240508,2293,9.05,9.05,9.05,8.96,9.0,4672570,42041117.9,7443
20240508,2294,31.49,31.45,31.53,30.94,31.17,3365532,104983700.84,12685
20240508,2295,6.57,6.53,6.57,6.38,6.43,11197950,72347508.5,10469
20240508,2296,10.24,10.3,10.57,10.05,10.09,55162181,569090774.86,58390
20240508,2297,7.11,7.12,7.13,6.86,6.87,23044505,160118481.77,26534
20240508,2298,5.53,5.3,5.35,5.17,5.17,62785870,329341187.91,54189
20240508,2299,15.8,15.73,16.06,15.7,15.93,8977182,143175753.85,15409
20240508,2300,6.21,6.21,6.21,6.09,6.1,5148706,31610081.14,8086
20240508,2301,5.84,5.8,5.84,5.7,5.73,7084944,40797570.24,11083
20240508,2302,6.06,6.03,6.04,5.9,5.91,11687100,69548681.0,13808
20240508,2303,3.24,3.24,3.24,3.2,3.2,10568700,34014378.0,12818
20240508,2304,98.47,98.14,98.29,95.62,95.94,11052307,1067970797.27,44676
20240508,2307,3.67,3.67,3.69,3.6,3.61,8840500,32222575.2,7846
20240508,2311,50.69,50.54,51.2,50.2,50.67,4683881,236906865.78,20043
20240508,2312,7.43,7.39,7.52,7.27,7.3,28118500,207260371.0,24241
20240508,2314,2.52,2.46,2.46,2.37,2.38,39193361,94392204.37,17159
20240508,2315,35.02,34.98,34.98,33.19,33.36,6841739,230783322.05,19557
20240508,2317,15.43,15.44,15.55,15.08,15.15,17937192,273451187.61,32042
20240508,2318,25.22,25.06,25.33,24.96,25.1,3944400,99228060.0,14252
20240508,2319,12.41,12.47,12.47,11.98,12.19,2211200,26879820.72,4047
20240508,2320,6.51,6.51,6.51,6.37,6.39,11423139,73405154.32,13461
20240508,2322,14.78,14.76,14.9,14.6,14.71,5461309,80752706.2,11997
20240508,2323,1.46,1.46,1.47,1.42,1.42,23188545,33311174.9,7643
20240508,2324,10.73,10.6,10.67,10.34,10.35,12765018,133645264.5,11416
20240508,2326,10.52,10.43,10.54,10.22,10.25,13599381,140921371.97,24149
20240508,2327,10.81,10.85,10.86,10.62,10.66,5040750,53924740.5,7870
20240508,2328,5.14,5.12,5.65,5.1,5.65,95034087,531084729.79,32237
20240508,2329,4.22,4.21,4.22,4.14,4.15,9412590,39261154.0,10517
20240508,2330,4.42,4.42,4.44,4.36,4.4,8249700,36290546.05,12848
20240508,2331,7.53,7.43,7.48,7.1,7.16,22217975,161259601.3,22500
20240508,2332,12.3,12.25,12.32,11.96,12.02,10801750,130437374.5,24778
20240508,2333,6.46,6.44,6.47,6.3,6.32,6933300,44031547.0,10496
20240508,2334,7.1,7.02,7.06,6.93,6.95,13920200,97271738.0,12005
20240508,2335,27.04,26.86,26.89,25.79,25.82,10605287,278365706.12,22635
20240508,2337,4.58,4.54,4.57,4.43,4.44,7968600,35842903.0,9641
20240508,2338,28.13,28.12,29.29,27.99,29.14,12790180,368346325.48,29764
20240508,2339,5.93,5.9,5.94,5.69,5.72,23910459,137952679.56,20958
20240508,2340,6.94,6.94,6.96,6.78,6.79,134651127,918455003.45,82872
20240508,2342,3.46,3.46,3.47,3.39,3.4,10155100,34756159.0,9687
20240508,2343,7.76,7.78,7.92,7.47,7.55,35036400,268451645.5,36634
20240508,2344,3.7,3.69,3.7,3.64,3.65,8056200,29558940.0,9406
20240508,2345,6.12,6.08,6.11,5.95,5.97,18627904,111973477.16,16351
20240508,2346,9.24,9.24,9.29,9.09,9.12,2001700,18387345.0,4692
20240508,2347,4.63,4.6,4.63,4.5,4.52,15277950,69360870.0,17659
20240508,2348,3.04,3.03,3.2,2.99,3.04,13828500,42445154.0,8801
20240508,2349,8.0,8.01,8.13,7.94,8.04,16098005,129216452.5,19966
20240508,2350,5.13,5.13,5.17,5.08,5.12,4324176,22184066.88,6569
20240508,2351,12.91,12.9,13.04,12.68,12.76,19569938,252583937.24,30630
20240508,2352,37.31,37.26,37.3,36.7,36.87,15523385,574045701.17,30776
20240508,2353,31.69,31.62,31.92,31.41,31.74,6710136,212694922.01,20675
20240508,2354,4.33,4.28,4.3,4.15,4.16,46710180,196350457.4,32009
20240508,2355,4.44,4.46,4.8,4.41,4.55,49397408,226024739.34,31552
20240508,2356,3.91,3.91,3.93,3.74,3.77,6618984,25197939.82,5809
20240508,2357,5.99,6.0,6.15,5.95,5.99,11668671,70408499.55,8990
20240508,2358,3.96,3.96,3.96,3.89,3.9,10510200,41233124.0,11042
20240508,2360,6.14,6.1,6.17,5.9,5.97,12977442,78211359.48,12832
20240508,2361,3.7,3.71,3.74,3.65,3.67,25484500,94045479.0,18877
20240508,2362,19.39,19.21,19.25,18.72,18.77,6620731,125378680.14,17501
20240508,2363,6.84,6.84,6.85,6.7,6.71,6459370,43576060.6,10272
20240508,2364,6.28,6.28,6.29,6.14,6.15,9916294,61423495.9,12787
20240508,2365,8.14,8.12,8.42,8.12,8.27,12535696,103478462.48,17730
20240508,2367,7.41,7.41,7.42,7.19,7.21,24050524,174389340.04,26141
20240508,2368,23.9,23.76,23.77,22.7,22.73,13726688,316657282.48,21986
20240508,2369,4.3,4.29,4.3,4.19,4.21,10677800,45199790.0,15000
20240508,2370,3.41,3.4,3.44,3.35,3.41,9483415,32241973.24,8287
20240508,2371,317.1,316.0,318.5,311.45,312.81,3040418,955497984.07,20759
20240508,2372,17.86,17.84,17.84,17.43,17.58,6919382,121853591.24,19758
20240508,2373,9.94,9.94,9.94,9.52,9.53,17131200,165458691.38,22454
20240508,2374,2.62,2.61,2.64,2.57,2.57,7720800,20020282.97,4441
20240508,2375,4.04,4.03,4.03,3.94,3.95,7039900,27974983.0,9568
20240508,2376,6.2,6.2,6.21,6.1,6.1,4104653,25215613.48,7906
20240508,2378,7.17,7.06,7.17,6.93,7.03,29758863,209311233.81,29326
20240508,2380,17.43,17.38,17.88,17.0,17.11,7226800,125960617.0,20504
20240508,2381,8.05,8.05,8.05,7.89,7.91,5813200,46261849.0,11743
20240508,2382,5.78,5.79,5.87,5.69,5.72,11283905,65015595.5,15303
20240508,2383,6.7,6.68,6.69,6.49,6.53,14986204,98330144.12,16905
20240508,2384,15.95,16.0,16.06,15.59,15.64,27769882,437851191.3,38168
20240508,2385,4.74,4.73,4.82,4.72,4.76,48194544,229514092.0,25592
20240508,2386,4.94,4.92,5.05,4.82,4.84,14762370,72378510.2,13387
20240508,2387,7.6,7.6,7.6,7.22,7.28,13904214,102202245.61,20065
20240508,2389,16.4,16.64,16.78,16.15,16.19,23528000,386145193.84,31042
20240508,2390,4.03,4.02,4.06,3.99,4.03,16471850,66361803.0,18774
20240508,2391,5.41,5.41,5.45,5.32,5.36,2959558,15900301.88,6481
20240508,2392,3.74,3.75,3.84,3.74,3.8,32427038,122863573.38,20265
20240508,2393,26.36,26.21,26.68,26.12,26.4,2480773,65624736.88,5981
20240508,2394,7.34,7.28,7.34,7.22,7.28,4971000,36177161.0,8175
20240508,2395,17.22,16.87,16.87,15.87,16.04,30447314,497003639.94,33602
20240508,2396,15.33,15.3,15.3,14.96,14.99,7128491,107674090.07,16040
20240508,2397,2.76,2.75,2.75,2.65,2.66,8212500,22096526.0,6915
20240508,2398,4.26,4.23,4.29,4.2,4.2,5709556,24198557.88,7879
20240508,2399,10.41,10.4,10.65,10.34,10.53,11828423,123883300.62,17169
20240508,2400,5.4,5.38,5.38,5.21,5.22,45930258,241771207.82,23095
20240508,2401,16.93,16.87,16.87,16.51,16.55,6343700,105724729.0,7963
20240508,2402,12.1,12.07,12.08,11.8,11.81,13447249,160294068.04,22287
20240508,2403,8.04,7.97,8.0,7.81,7.85,6675050,52739648.5,12022
20240508,2404,6.04,6.09,6.14,6.04,6.13,7392134,45034589.8,7949
20240508,2405,7.39,7.35,7.37,7.11,7.11,46419026,333924867.2,40611
20240508,2406,6.0,5.97,5.99,5.88,5.89,12182895,72148714.4,14294
20240508,2407,14.7,14.66,14.66,14.32,14.35,21679420,313363556.4,30125
20240508,2409,61.32,61.24,61.33,60.01,60.61,7036191,427434633.73,27002
20240508,2410,11.92,11.86,11.86,11.48,11.51,22188594,257307604.41,32739
20240508,2412,5.95,5.9,6.04,5.9,5.98,13554731,81022863.37,15167
20240508,2413,4.43,4.42,4.55,4.31,4.43,46761503,206859944.57,27951
20240508,2414,7.05,7.03,7.05,6.9,6.91,21033891,146529561.28,25314
20240508,2415,33.63,33.64,33.64,32.73,32.74,42287853,1396203859.22,62853
20240508,2416,11.89,11.8,11.91,11.52,11.61,8792880,102718290.8,15298
20240508,2418,2.47,2.47,2.47,2.38,2.38,18573300,44829764.0,7911
20240508,2419,4.95,4.94,4.94,4.86,4.87,11143736,54574254.24,4660
20240508,2420,5.85,5.79,5.83,5.6,5.61,18976800,107613597.0,10780
20240508,2421,2.84,2.81,2.82,2.74,2.74,27259000,75681548.0,12122
20240508,2422,33.94,34.0,34.19,33.4,33.63,15344918,516020409.92,47928
20240508,2423,8.38,8.32,8.32,8.15,8.15,34733000,285338341.0,23264
20240508,2426,1.75,1.75,1.76,1.7,1.7,48273150,83174473.0,12260
20240508,2428,10.96,10.96,11.02,10.63,10.65,40301638,433057409.02,61802
20240508,2429,5.36,5.36,5.37,5.24,5.26,23928900,126320721.0,32591
20240508,2430,28.55,28.62,28.63,27.81,27.86,4555900,128266881.0,15064
20240508,2431,2.06,2.06,2.06,1.99,2.0,21886750,44112506.0,6158
20240508,2432,42.65,44.52,46.92,43.8,46.92,41037740,1872410968.04,82070
20240508,2434,6.11,6.1,6.1,5.97,5.97,9640796,58047005.12,12207
20240508,2436,11.92,11.82,12.09,11.66,11.77,36471400,430626223.33,52411
20240508,2437,2.18,2.17,2.21,2.15,2.17,37857000,82381813.0,14910
20240508,2438,13.34,13.34,13.65,13.1,13.2,14614221,194976906.89,14367
20240508,2439,19.61,19.55,19.58,18.98,19.01,13312867,255515452.56,18529
20240508,2440,6.8,6.81,6.91,6.73,6.74,10835600,73796277.0,16661
20240508,2441,8.69,8.66,8.76,8.63,8.66,5527939,48076408.84,10762
20240508,2442,5.09,5.11,5.16,4.98,4.99,21056320,106341288.8,22193
20240508,2443,6.19,6.3,6.33,6.08,6.1,13513840,83201948.8,15413
20240508,2444,25.52,25.52,25.88,25.38,25.46,10608098,271494181.48,26746
20240508,2445,1.98,1.98,1.98,1.94,1.95,18056923,35293512.85,7401
20240508,2446,7.07,7.0,7.01,6.81,6.82,41547100,286301363.0,33290
20240508,2448,6.76,6.73,6.76,6.61,6.62,11088400,74016308.49,13464
20240508,2449,7.38,7.36,7.38,7.22,7.23,5748387,41888330.88,13363
20240508,2451,5.9,5.9,5.91,5.75,5.76,6461200,37595429.0,7827
20240508,2452,7.24,7.24,7.29,7.07,7.1,17650800,126617787.0,20980
20240508,2453,5.98,6.02,6.12,5.9,5.93,11343760,68023156.4,16460
20240508,2454,6.65,6.66,6.68,6.5,6.52,6837450,44872286.0,12467
20240508,2455,10.65,11.72,11.72,11.72,11.72,9652032,113121815.04,4271
20240508,2457,8.43,8.32,8.33,8.14,8.14,14848545,122210735.12,13335
20240508,2458,9.88,9.86,10.15,9.82,10.04,16330531,163332793.63,13106
20240508,2459,14.62,14.52,14.63,14.22,14.24,40367866,580859289.42,51378
20240508,2460,36.6,36.73,36.73,35.78,35.83,13571166,489311140.24,31418
20240508,2461,8.59,8.59,8.61,8.47,8.5,5554640,47345134.98,12609
20240508,2462,12.98,12.99,13.1,12.89,13.02,3149700,41007342.0,8325
20240508,2463,32.58,32.28,33.02,32.0,32.39,32238411,1047818241.07,73141
20240508,2465,11.4,11.35,11.35,11.09,11.24,47016552,526089088.47,47188
20240508,2466,40.46,40.36,40.36,39.69,39.7,16658242,664420788.76,40422
20240508,2467,3.91,3.9,3.9,3.8,3.81,26023643,99879249.68,28954
20240508,2468,9.25,9.23,9.34,9.09,9.12,10582179,97410695.88,17175
20240508,2469,5.94,5.9,5.95,5.86,5.87,7827450,46220081.5,9654
20240508,2471,2.63,2.64,2.65,2.59,2.59,16884700,44068256.0,8234
20240508,2472,24.71,24.64,24.95,24.36,24.44,13893759,340957438.43,24280
20240508,2474,5.28,5.22,5.26,5.13,5.14,9676573,50081423.22,14713
20240508,2475,30.86,30.5,30.5,29.58,29.6,79533024,2372896262.12,107009
20240508,2476,4.17,4.15,4.2,4.03,4.06,13383200,54635359.0,14404
20240508,2478,6.13,6.11,6.18,6.08,6.1,13287642,81402643.2,13517
20240508,2479,4.23,4.22,4.27,4.19,4.19,7082589,29930284.8,9445
20240508,2481,4.44,4.4,4.45,4.36,4.37,20682681,90932406.54,22655
20240508,2483,5.52,5.52,5.62,5.41,5.43,16204729,89134840.78,19974
20240508,2484,16.21,16.18,16.18,15.88,15.98,8787952,140709776.82,13368
20240508,2486,2.21,2.21,2.21,2.16,2.18,9762020,21289444.2,5034
20240508,2487,21.99,21.92,22.06,21.61,21.68,8932400,194674976.82,21695
20240508,2488,5.55,5.55,5.55,5.41,5.43,10074602,54975343.9,16325
20240508,2489,2.79,2.78,2.79,2.75,2.75,20316160,56124782.0,16872
20240508,2491,4.28,4.26,4.26,4.13,4.14,16896773,70509213.49,16865
20240508,2492,4.99,4.99,5.02,4.9,4.91,4755030,23530175.3,5569
20240508,2493,11.56,11.54,11.7,11.37,11.39,19859972,228185584.25,26368
20240508,2495,2.02,2.02,2.06,1.99,1.99,14892700,30056539.0,9703
20240508,2497,11.0,10.97,10.97,10.72,10.75,12282200,132810926.0,21242
20240508,2498,3.8,3.79,3.81,3.75,3.76,15202045,57444759.65,17520
20240508,2500,5.28,5.26,5.27,5.2,5.2,16128738,84309398.21,15972
20240508,2501,1.2,1.19,1.2,1.17,1.18,17250700,20328111.0,2226
20240508,2506,2.43,2.42,2.43,2.37,2.37,44479900,106373748.0,15410
20240508,2507,14.33,14.33,14.6,14.25,14.51,16335316,235941523.12,25554
20240508,2508,24.65,24.6,24.78,23.95,23.98,7624613,185182736.1,18948
20240508,2511,8.91,8.9,8.93,8.72,8.73,8986563,79012353.15,19471
20240508,2512,4.51,4.39,4.41,4.28,4.3,73398923,317964273.72,45961
20240508,2514,5.88,5.89,5.89,5.7,5.71,10414900,60106236.0,11638
20240508,2516,4.51,4.52,4.53,4.41,4.42,8120200,36235104.0,13740
20240508,2517,12.06,12.01,12.01,11.34,11.42,60452784,698945345.03,72141
20240508,2518,22.09,22.19,22.29,21.61,21.64,6660795,146046627.35,16784
20240508,2519,5.7,5.6,5.62,5.48,5.56,63109359,349983183.47,64046
20240508,2520,5.45,5.43,5.64,5.36,5.54,32941385,182178729.35,22455
20240508,2521,13.4,13.4,13.86,13.36,13.53,12500494,169322934.29,13686
20240508,2522,4.15,4.14,4.25,4.11,4.12,11366900,47394287.0,11797
20240508,2523,2.91,2.91,2.92,2.86,2.86,17059000,49094944.0,7532
20240508,2524,4.35,4.37,4.42,4.29,4.35,12805600,55943960.0,12269
20240508,2526,2.99,3.0,3.01,2.88,2.9,85638627,250876345.86,22126
20240508,2530,7.47,7.42,7.45,7.3,7.33,6743700,49628353.44,6373
20240508,2531,10.57,10.57,10.7,10.45,10.59,20798600,220347968.0,27242
20240508,2532,7.68,7.65,7.7,7.53,7.55,54696004,416656197.0,45201
20240508,2533,10.07,10.01,10.02,9.79,9.82,15256862,151116624.44,18593
20240508,2534,11.49,11.44,11.65,11.26,11.29,7072607,80914917.94,16823
20240508,2536,12.15,12.08,12.11,11.77,11.79,11953900,142229099.0,17569
20240508,2537,5.76,5.8,5.8,5.68,5.72,14972900,85928064.0,17019
20240508,2538,5.5,5.49,5.6,5.4,5.41,19309957,105819397.37,19611
20240508,2539,8.74,8.74,8.91,8.58,8.59,17090738,148425390.16,25236
20240508,2540,6.5,6.47,6.51,6.41,6.43,10498597,67731060.71,14528
20240508,2541,20.3,20.1,20.28,19.01,19.17,8056846,157445849.72,15125
20240508,2542,2.18,2.15,2.16,2.1,2.11,27147006,57625967.6,5410
20240508,2543,11.65,11.59,11.78,11.4,11.57,6987869,81291269.2,11407
20240508,2544,24.95,25.03,25.05,23.9,24.17,10935126,266967902.52,16167
20240508,2545,7.98,8.03,8.11,7.86,7.89,10129800,80578593.38,16212
20240508,2546,3.82,3.84,3.84,3.74,3.75,11065160,41841239.2,13214
20240508,2547,3.68,3.67,3.67,3.59,3.6,14889600,53996704.0,11626
20240508,2548,4.47,4.51,4.77,4.45,4.67,26651159,122839348.55,20426
20240508,2549,7.21,7.15,7.22,7.0,7.01,9842405,69832397.77,18270
20240508,2550,5.53,5.53,5.61,5.51,5.56,15152900,84242014.0,21586
20240508,2551,3.33,3.31,3.5,3.14,3.31,64856462,210852998.95,35046
20240508,2552,14.53,14.36,14.67,14.21,14.57,7155037,103488959.36,8074
20240508,2553,11.2,11.18,11.26,11.0,11.0,8532000,94716603.0,16391
20240508,2555,17.25,17.12,17.15,16.66,16.66,57029093,958578939.33,69297
20240508,2556,5.48,5.47,5.5,5.37,5.39,6766300,36690912.0,11440
20240508,2557,36.61,36.65,37.12,36.41,36.54,5095539,186750796.5,18715
20240508,2558,11.66,11.66,11.66,11.02,11.04,67511472,754931575.59,66514
20240508,2559,9.77,9.7,9.72,9.43,9.46,17835000,170256975.0,24254
20240508,2560,6.32,6.26,6.31,6.13,6.14,10714100,66318226.2,9215
20240508,2561,8.39,8.37,8.5,8.26,8.41,11006923,92187398.61,6993
20240508,2562,3.85,3.8,3.88,3.67,3.75,73064325,273654415.47,39115
20240508,2563,6.65,6.62,6.66,6.5,6.52,14611823,95894923.73,25447
20240508,2565,3.07,3.08,3.12,3.04,3.08,22857248,70432704.4,13294
20240508,2566,7.39,7.39,7.48,7.27,7.34,5652000,41624137.0,9132
20240508,2567,5.93,5.93,6.15,5.89,6.04,45578523,274920702.4,27598
20240508,2568,21.79,21.73,21.73,21.08,21.26,13727101,292861683.61,26011
20240508,2570,3.18,3.18,3.2,3.14,3.15,13278000,42036142.0,12837
20240508,2571,4.68,4.71,4.71,4.58,4.6,4520200,20890549.0,8121
20240508,2572,18.29,18.29,18.42,17.96,18.0,12069703,219263419.48,25668
20240508,2573,4.68,4.66,4.71,4.64,4.65,6732426,31459362.68,13323
20240508,2574,5.4,5.38,5.4,5.3,5.33,7162900,38275071.0,8471
20240508,2576,13.72,13.7,13.72,13.41,13.43,2371300,32111837.0,5833
20240508,2577,13.72,13.77,13.84,13.33,13.37,2429200,32781314.0,6501
20240508,2578,3.19,3.18,3.18,3.11,3.13,16457100,51693170.0,13937
20240508,2579,7.41,7.41,7.45,7.23,7.23,6850628,50013810.54,10577
20240508,2580,7.3,7.29,7.37,7.18,7.21,8610700,62652710.0,11624
20240508,2581,13.82,13.72,13.94,13.58,13.61,5730200,78595641.37,13352
20240508,2582,6.69,6.69,6.69,6.54,6.59,6867700,45309620.0,8071
20240508,2583,4.37,4.36,4.37,4.21,4.22,55714291,237060784.15,43906
20240508,2584,7.29,7.21,7.44,7.17,7.22,42970952,312995905.34,42740
20240508,2585,6.63,6.64,6.67,6.52,6.53,9241100,60847967.0,14438
20240508,2587,5.78,5.77,5.77,5.58,5.59,11974813,67468675.06,13984
20240508,2588,7.16,7.11,7.21,6.92,6.96,23837275,167733561.34,26951
20240508,2589,2.94,2.94,3.05,2.89,2.9,33576284,98934487.9,20845
20240508,2590,18.23,17.53,17.9,16.77,16.98,64245044,1110145594.86,92423
20240508,2591,4.66,4.65,5.13,4.59,5.13,23166056,115330815.85,12110
20240508,2592,5.13,5.1,5.23,5.06,5.07,3227100,16580859.0,1393
20240508,2593,3.44,3.41,3.44,3.35,3.36,12048700,40841077.0,15620
20240508,2594,229.88,228.54,228.88,226.0,226.23,9113178,2070673827.4,43657
20240508,2595,40.68,40.83,41.69,40.5,41.1,2540711,104688904.11,12287
20240508,2596,1.89,1.89,1.9,1.85,1.86,12361300,23131163.0,5564
20240508,2597,26.64,26.17,26.62,24.9,25.01,19558139,496729012.39,44013
20240508,2598,8.51,8.52,8.52,8.33,8.35,3542716,29751863.08,6921
20240508,2599,5.88,5.87,5.87,5.64,5.66,15371930,87720046.7,22905
20240508,2600,5.15,5.13,5.14,4.99,4.99,93341200,469912557.0,66783
20240508,2601,21.88,21.94,22.07,21.52,21.8,24784317,540310809.69,53439
20240508,2603,19.48,19.48,19.59,19.08,19.2,12609744,242841489.08,21466
20240508,2605,25.3,25.6,25.67,24.42,24.5,13994208,348848363.28,25923
20240508,2606,7.15,7.15,7.2,7.06,7.08,3385114,24120078.82,5600
20240508,2607,2.69,2.69,2.7,2.61,2.62,156865613,413743741.71,42646
20240508,2608,8.42,8.41,8.46,8.23,8.25,14228075,118436367.63,16923
20240508,2609,8.76,8.77,8.77,8.49,8.5,6953557,59795904.21,12022
20240508,2611,6.83,6.9,7.5,6.73,7.18,208655060,1481551456.91,156731
20240508,2612,17.82,17.82,17.85,17.3,17.38,4987800,87318606.21,13789
20240508,2613,4.07,4.06,4.07,3.99,3.99,10624800,42747617.0,14456
20240508,2614,7.01,6.97,7.02,6.85,6.93,9220350,63756849.5,5860
20240508,2615,7.59,7.65,7.68,7.38,7.4,10631600,79903196.0,16414
20240508,2616,5.18,5.0,5.65,4.88,5.41,51859339,275070641.5,39673
20240508,2617,5.88,5.88,5.89,5.74,5.76,22851405,132617759.7,23945
20240508,2622,2.11,2.13,2.18,2.07,2.13,20779107,44156073.91,14131
20240508,2623,20.14,20.14,21.23,19.89,20.18,4577300,93626178.24,12337
20240508,2624,10.12,10.06,10.07,9.84,9.85,31516571,312299784.63,30073
20240508,2625,20.74,20.58,20.64,19.71,19.75,59385930,1186390973.35,64611
20240508,2626,16.49,16.08,17.84,15.92,17.11,34692448,584527002.3,49735
20240508,2627,4.99,4.99,4.99,4.91,4.91,6219600,30666351.0,3968
20240508,2628,2.46,2.46,2.46,2.4,2.41,11828500,28694093.0,5133
20240508,2629,2.56,2.57,2.6,2.44,2.46,13747400,34371360.0,10723
20240508,2631,4.87,4.87,4.9,4.78,4.79,4000500,19295328.0,8552
20240508,2632,7.84,7.84,7.86,7.66,7.69,12409300,95908908.0,20972
20240508,2633,7.26,7.26,7.37,6.96,7.02,7385322,52654308.0,10724
20240508,2634,5.06,5.07,5.11,4.98,4.99,2889800,14553128.0,5530
20240508,2635,15.01,14.91,14.96,14.61,14.63,10505110,154649924.2,26207
20240508,2636,7.44,7.37,7.45,7.2,7.25,10845080,79206649.9,15898
20240508,2637,9.79,9.87,9.94,9.73,9.76,2970715,29157937.92,6472
20240508,2639,6.19,6.2,6.21,6.06,6.08,13677300,83613153.0,14932
20240508,2640,2.29,2.28,2.29,2.22,2.23,33641517,75705193.25,9623
20240508,2641,4.7,4.69,4.69,4.53,4.55,18423800,84716109.0,18615
20240508,2642,6.18,6.18,6.19,6.01,6.04,14223701,86259793.02,18474
20240508,2643,12.24,12.23,12.4,12.08,12.14,11715900,142972994.0,22729
20240508,2645,10.04,10.09,10.49,10.01,10.27,20886806,214078441.43,27546
20240508,2646,12.69,12.7,12.83,12.57,12.58,5698257,72167895.96,15578
20240508,2648,19.68,19.7,19.99,19.61,19.74,16584447,327930350.93,28857
20240508,2649,9.4,9.37,9.37,9.05,9.08,17835977,163597053.62,19624
20240508,2651,6.17,6.15,6.16,6.02,6.05,11980700,72939465.0,17365
20240508,2652,2.54,2.5,2.53,2.42,2.44,14840000,36511179.0,8252
20240508,2653,30.63,30.69,30.74,29.92,30.12,3452538,104317791.64,13027
20240508,2654,10.34,10.27,10.29,9.99,10.02,21683137,219409614.0,29433
20240508,2655,10.72,10.71,10.78,10.42,10.47,5715900,60342666.2,12082
20240508,2657,13.65,13.63,13.63,13.18,13.19,8780567,116824237.64,12708
20240508,2658,6.28,6.27,6.3,6.22,6.24,4401531,27535245.43,5967
20240508,2659,3.97,3.95,3.97,3.88,3.89,5355300,20926320.0,6535
20240508,2660,8.15,8.15,8.16,7.96,8.0,6177500,49664371.0,8863
20240508,2661,8.09,8.1,8.14,7.98,8.07,4494600,36256156.0,10218
20240508,2662,3.41,3.4,3.41,3.35,3.35,22247900,75032602.0,17034
20240508,2663,1.54,1.54,1.55,1.51,1.51,10226344,15531175.88,3172
20240508,2664,15.89,15.83,15.87,14.93,15.0,10296700,157047578.0,18415
20240508,2666,4.72,4.71,4.76,4.62,4.62,8566738,40048741.56,14176
20240508,2667,7.54,7.5,7.57,7.29,7.31,5961345,44149570.18,10377
20240508,2668,10.54,10.39,10.58,10.21,10.35,38347477,396570089.84,46860
20240508,2669,10.03,9.98,9.98,9.69,9.77,8315196,81442382.1,11237
20240508,2670,12.66,12.35,12.53,11.98,12.16,136359900,1663701761.24,113996
20240508,2671,4.15,4.11,4.23,4.07,4.07,12549600,51701304.0,12479
20240508,2672,4.58,4.58,4.6,4.49,4.5,2719900,12339407.0,4885
20240508,2673,7.4,7.36,7.37,7.22,7.24,63754997,463948133.02,33630
20240508,2674,12.7,12.74,12.8,12.45,12.49,2550500,32054804.0,5255
20240508,2675,13.99,13.99,14.2,13.78,13.82,10287656,143152082.48,21302
20240508,2676,4.42,4.41,4.52,4.34,4.41,39633300,176227388.0,24037
20240508,2677,9.79,9.76,9.78,9.62,9.64,5543520,53666385.4,10005
20240508,2678,4.49,4.51,4.51,4.43,4.45,2297640,10244131.2,5708
20240508,2679,8.43,8.41,8.43,8.23,8.27,2709824,22511129.48,5016
20240508,2681,4.39,4.39,4.4,4.25,4.3,35436839,152932792.72,17184
20240508,2683,22.33,22.31,22.47,21.82,21.85,6319710,139204168.38,18572
20240508,2685,2.96,2.96,2.96,2.88,2.89,13331200,38812805.0,6414
20240508,2686,5.07,5.05,5.11,4.97,4.99,6027400,30347280.0,10357
20240508,2687,4.81,4.8,4.8,4.67,4.68,15731249,74280873.74,15725
20240508,2688,4.35,4.38,4.45,4.35,4.42,15587445,68636998.7,16106
20240508,2689,3.02,2.98,2.99,2.86,2.88,38980433,113655861.21,30755
20240508,2690,18.8,18.78,18.8,18.34,18.34,4243030,78653680.7,11697
20240508,2691,5.68,5.67,5.7,5.45,5.46,3789305,21024001.3,4886
20240508,2694,4.64,4.71,4.73,4.47,4.48,4072700,18481942.2,5988
20240508,2695,8.2,8.22,8.22,8.08,8.09,3182900,25912111.42,8380
20240508,2696,4.96,4.96,4.99,4.88,4.89,4257100,21004829.0,5597
20240508,2698,16.0,15.95,15.97,15.46,15.49,11348300,177440358.0,14017
20240508,2701,4.76,4.85,4.85,4.68,4.68,20020740,94552976.2,23627
20240508,2702,4.35,4.35,4.4,4.28,4.29,14421700,62453683.34,15657
20240508,2703,13.16,13.16,13.48,12.96,13.22,26235320,347883562.2,30591
20240508,2705,17.16,17.15,17.26,16.83,16.89,8562900,145526539.0,21454
20240508,2706,7.96,7.95,7.95,7.73,7.74,13853840,108374799.6,19454
20240508,2707,6.72,6.71,6.72,6.45,6.5,21253662,139237472.67,17410
20240508,2709,22.19,22.2,22.2,21.49,21.51,23420685,508288200.29,39767
20240508,2712,5.77,5.53,6.05,5.53,5.82,69621350,406565245.0,46340
20240508,2714,45.11,45.03,47.16,44.6,46.83,53880659,2499336135.68,90837
20240508,2716,3.39,3.34,3.45,3.27,3.38,72611280,243461680.2,35773
20240508,2718,12.59,12.59,12.65,12.27,12.35,865000,10754241.0,1822
20240508,2719,7.32,7.32,7.39,7.21,7.3,5864002,42818705.5,6851
20240508,2722,13.56,13.5,13.65,13.4,13.43,4400500,59503125.0,9275
20240508,2723,8.41,8.38,8.54,8.1,8.23,10529280,87779146.6,12161
20240508,2724,5.6,5.58,5.6,5.45,5.48,4469507,24647943.82,10665
20240508,2726,6.8,6.73,6.83,6.61,6.77,16143941,108343783.33,14414
20240508,2727,21.55,21.5,21.6,21.36,21.46,4452400,95600411.0,14535
20240508,2728,9.96,9.94,10.09,9.84,9.89,16530752,164474486.84,17295
20240508,2729,12.6,12.55,13.18,12.38,12.41,7338334,92515249.26,14927
20240508,2730,7.71,7.69,7.71,7.57,7.58,7985100,60878035.0,11664
20240508,2731,10.03,9.97,10.09,9.83,9.97,7387890,73601495.1,12781
20240508,2732,16.84,16.83,16.94,16.49,16.53,1791436,29818672.88,4644
20240508,2733,12.93,12.88,12.9,12.63,12.65,4378300,55818642.0,6571
20240508,2734,7.47,7.36,7.6,7.3,7.52,17137437,128129014.8,22762
20240508,2735,13.76,13.39,13.62,13.03,13.2,25348746,336809271.01,33426
20240508,2737,28.11,28.12,28.36,27.88,28.2,6391300,179921905.0,24457
20240508,2738,36.02,36.0,36.0,35.1,35.14,10525883,373227478.5,27832
20240508,2741,11.75,11.41,11.42,11.08,11.09,10525842,118253739.88,26640
20240508,2745,8.56,8.55,8.59,8.39,8.4,13718555,116177087.45,23175
20240508,2746,6.27,6.26,6.38,6.25,6.32,11567033,73072004.5,13320
20240508,2747,16.59,16.41,16.48,15.9,15.94,20183987,324653724.29,31214
20240508,2749,16.29,16.29,16.44,16.01,16.06,1800450,29124813.59,6331
20240508,2752,5.91,5.88,5.89,5.67,5.7,19368800,111278021.2,28170
20240508,2753,6.98,6.9,7.02,6.75,6.82,5560499,38068655.05,10275
20240508,2755,11.48,11.57,11.57,11.25,11.45,5992160,68471826.2,16213
20240508,2756,47.64,47.58,47.58,46.05,46.15,6498867,302710867.35,20295
20240508,2757,14.09,14.03,14.03,13.68,13.71,6859700,94760300.0,11456
20240508,2758,9.46,9.43,9.5,9.4,9.43,2399150,22678132.5,4484
20240508,2759,9.92,9.9,9.9,9.6,9.68,6319100,61493223.0,11780
20240508,2760,16.37,16.5,16.5,16.01,16.22,599690,9783194.5,1732
20240508,2763,7.79,7.75,7.83,7.75,7.78,4245662,33049510.12,7954
20240508,2765,5.26,5.25,5.29,5.15,5.18,9956800,51978338.0,13401
20240508,2766,4.58,4.54,4.63,4.46,4.51,14995000,67901341.0,19012
20240508,2767,13.04,12.87,13.2,12.87,12.9,4410500,57492598.0,6128
20240508,2768,23.53,23.37,23.62,23.03,23.14,3622286,84264639.32,11778
20240508,2769,6.26,6.26,6.42,6.19,6.35,14234700,90162363.0,18076
20240508,2771,20.41,19.93,19.93,19.17,19.28,22469293,438545265.69,43749
20240508,2772,7.27,7.28,7.35,7.19,7.24,7524742,54626290.6,7259
20240508,2773,23.88,23.94,24.2,23.12,23.55,22826281,534679839.86,51010
20240508,2774,7.41,7.58,7.58,7.38,7.41,7289000,54234925.0,13364
20240508,2775,2.53,2.53,2.57,2.47,2.49,5583500,14004924.96,4692
20240508,2777,19.2,19.14,19.14,18.71,18.73,7238227,136855506.73,14890
20240508,2778,12.18,12.1,12.18,11.86,11.88,1516855,18221099.95,3416
20240508,2779,36.0,35.8,36.0,34.4,34.66,1681830,58650652.5,4399
20240508,2780,11.35,11.4,11.7,11.23,11.46,8922000,102265776.1,12517
20240508,2782,11.53,11.57,11.61,11.36,11.38,4307700,49411768.0,11790
20240508,2783,8.57,8.59,8.65,8.34,8.37,12999403,110008516.84,19595
20240508,2785,24.87,24.9,24.9,24.31,24.39,2165300,53191003.0,4460
20240508,2786,10.69,10.69,10.83,10.4,10.43,20562900,216657375.0,29582
20240508,2787,8.08,8.13,8.2,8.0,8.13,5842600,47358801.0,9727
20240508,2788,9.04,8.98,9.09,8.96,9.02,4974951,44884127.14,10051
20240508,2790,13.5,13.56,13.68,13.15,13.19,4861677,64915477.83,13813
20240508,2791,34.8,34.83,34.84,33.61,33.79,3087223,105152071.27,10998
20240508,2792,15.43,15.26,15.64,15.04,15.12,9248255,141231324.08,18292
20240508,2793,4.81,4.8,4.85,4.7,4.8,14224517,67888409.72,11669
20240508,2796,9.18,9.12,9.21,8.96,9.02,9751351,88403184.47,15180
20240508,2797,5.74,5.71,5.72,5.62,5.63,32436080,183560215.25,20693
20240508,2799,7.41,7.38,7.45,7.31,7.35,3785218,27915073.3,7871
20240508,2801,23.27,23.54,23.54,22.6,22.82,1834300,42076084.0,6389
20240508,2802,9.9,10.4,10.4,9.56,9.72,6907944,67711165.65,10511
20240508,2803,15.34,15.23,15.23,14.7,14.72,10697879,159260469.05,14506
20240508,2805,13.22,13.05,13.2,12.61,12.65,13674687,174979706.88,21528
20240508,2806,9.12,9.12,9.14,8.93,8.96,4261550,38365774.0,8820
20240508,2807,3.93,3.92,3.94,3.89,3.89,28179840,110318796.4,19115
20240508,2809,8.79,8.75,8.87,8.55,8.61,2434065,21105279.9,4799
20240508,2810,16.61,16.6,16.6,15.83,15.89,11077165,178133148.73,20313
20240508,2811,7.14,7.16,7.2,7.0,7.0,4286970,30283968.5,6332
20240508,2812,43.86,43.68,43.68,42.53,42.58,9769888,420598811.28,25904
20240508,2813,31.27,31.55,33.8,31.32,31.78,9732019,314913804.29,21634
20240508,2815,8.64,8.62,8.62,8.46,8.47,6356900,54224437.0,12736
20240508,2817,6.9,6.91,7.0,6.82,6.88,4438996,30603897.28,6981
20240508,2818,14.63,14.58,14.63,14.37,14.52,3542013,51279185.0,6233
20240508,2819,24.94,25.0,25.55,24.56,24.89,5047930,126069081.12,12620
20240508,2820,9.24,9.22,9.22,9.04,9.07,4205740,38279227.2,6946
20240508,2821,85.6,85.37,85.88,83.33,84.27,4885188,411688183.0,20282
20240508,2823,12.1,12.0,12.74,11.7,12.12,25217491,306170367.51,29304
20240508,2824,15.78,15.71,15.71,15.31,15.34,3257872,50303822.01,8029
20240508,2827,19.35,20.0,20.58,19.19,19.92,38681733,769156587.55,56957
20240508,2829,21.28,21.37,21.93,20.45,21.04,9614320,204408000.2,19656
20240508,2830,11.88,11.87,11.92,11.43,11.5,1984500,23111453.0,4901
20240508,2831,27.27,27.21,27.4,26.97,27.18,2928606,79738520.48,14608
20240508,2832,29.55,29.42,29.63,29.05,29.18,4243540,124015241.2,13501
20240508,2833,22.16,22.15,22.15,21.5,21.56,3382796,73688445.93,10898
20240508,2835,18.65,18.5,20.2,18.19,19.64,24846815,479956197.85,46911
20240508,2836,7.0,7.01,7.07,6.86,6.97,3010056,21008396.36,5696
20240508,2837,32.58,32.36,32.54,31.88,31.99,7499370,240876985.12,22677
20240508,2839,4.17,4.16,4.18,4.12,4.13,18818100,78097587.8,12771
20240508,2840,21.29,21.2,23.42,21.08,23.42,12857455,289950375.98,26035
20240508,2841,33.24,33.18,33.18,32.58,32.73,2875300,94401531.0,10826
20240508,2842,6.52,6.47,6.88,6.31,6.5,14811600,96903621.2,17534
20240508,2843,16.69,16.6,16.75,16.28,16.35,2816800,46413244.0,7028
20240508,2845,14.28,14.15,14.27,13.85,13.9,5827333,81624897.97,15215
20240508,2846,8.31,8.27,8.27,8.05,8.08,8735791,70936180.73,10123
20240508,2847,77.07,76.61,77.48,74.7,75.23,1475160,111960508.53,7372
20240508,2849,13.95,13.95,13.96,13.53,13.62,3751740,51328238.1,9730
20240508,2850,101.31,101.32,101.89,99.2,99.5,1504184,150134389.2,8251
20240508,2851,22.27,22.27,22.27,21.58,21.61,4843600,105969802.05,13145
20240508,2852,8.61,8.56,8.65,8.51,8.6,4315621,37091139.82,9863
20240508,2853,9.12,9.11,9.14,8.83,8.85,3267917,29161840.66,6602
20240508,2855,24.63,24.69,24.69,23.97,24.03,3546401,85859184.21,11956
20240508,2856,7.99,7.98,8.05,7.76,7.78,6003600,47277134.6,9738
20240508,2857,11.85,11.83,11.92,11.55,11.65,1388600,16256264.0,4165
20240508,2858,12.29,12.22,13.12,11.92,12.32,12352115,154770284.43,23661
20240508,2859,21.37,21.31,21.43,20.76,20.8,4328604,90603030.96,12422
20240508,2860,10.17,10.15,10.73,10.11,10.2,9394164,96954786.43,14040
20240508,2861,9.63,9.8,9.8,9.26,9.35,3475760,32750724.5,8087
20240508,2862,16.41,16.18,16.22,15.2,15.39,9769612,152982853.12,18780
20240508,2863,4.67,4.68,4.68,4.59,4.6,7605000,35162363.0,10298
20240508,2864,29.88,29.77,30.13,29.28,29.55,3167517,93878207.97,9798
20240508,2865,53.65,53.15,55.0,52.9,53.36,10100554,545390695.42,38897
20240508,2866,15.21,15.19,15.34,14.91,14.94,4191780,63257051.11,11202
20240508,2867,16.1,16.09,16.09,15.77,15.85,8996325,142892239.25,19937
20240508,2869,18.9,18.99,19.3,18.55,18.56,5791450,108833150.5,12616
20240508,2870,33.91,33.77,33.77,33.04,33.11,2517470,83855650.5,6953
20240508,2871,9.13,9.04,9.14,8.93,8.95,2157470,19459536.2,3834
20240508,2872,4.28,4.28,4.3,4.18,4.21,799700,3404315.0,475
20240508,2876,25.78,25.69,25.8,24.63,24.8,4472200,112494185.0,11194
20240508,2877,8.63,8.59,8.59,8.36,8.38,6075694,51372210.84,8156
20240508,2878,14.38,14.36,14.36,13.96,14.01,6298185,88623515.5,15908
20240508,2879,14.0,13.96,13.99,13.81,13.83,1672800,23206392.1,4800
20240508,2881,22.15,21.96,22.15,21.48,21.55,2345752,51020439.6,6838
20240508,2882,18.7,18.49,18.52,17.73,17.83,16325800,294805120.0,26131
20240508,2883,10.28,10.17,10.2,9.92,9.93,10472159,104983977.89,10279
20240508,2884,22.77,22.54,22.95,22.21,22.29,1503302,33698650.8,4419
20240508,2885,12.76,12.78,12.78,12.38,12.41,3711694,46498201.28,7427
20240508,2886,16.67,16.36,17.25,16.16,17.25,20276622,339943013.98,25583
20240508,2887,7.26,7.25,7.27,7.14,7.15,2387400,17192124.0,5339
20240508,2888,14.18,14.3,14.31,13.73,13.77,2760700,38396888.0,8026
20240508,2889,22.13,22.16,22.2,21.68,21.77,2845880,62197947.21,6411
20240508,2890,12.79,12.54,12.85,12.54,12.67,796069,10126453.68,2592
20240508,2891,25.17,25.27,25.5,24.93,25.04,3802750,95654647.5,10646
20240508,2892,14.11,14.03,14.1,13.72,13.76,10188937,141441874.19,20145
20240508,2893,10.91,10.83,11.23,10.8,10.86,11957566,131823489.88,13938
20240508,2895,21.85,21.69,22.2,21.5,21.85,23332544,510425417.93,38403
20240508,2896,34.28,33.91,33.91,33.06,33.18,4817162,160819928.99,12328
20240508,2897,37.86,37.91,38.5,37.38,37.54,4545689,172190965.89,15418
20240508,2899,15.94,15.94,16.8,15.8,16.11,5332400,87284778.0,7371
20240508,2900,10.56,10.49,10.69,10.3,10.38,9020850,94307602.5,12728
20240508,2901,32.08,32.09,32.53,31.51,31.85,2042009,65049875.82,11534
20240508,2902,24.89,24.71,24.85,24.04,24.12,11653018,283863099.9,30941
20240508,2903,18.39,18.1,18.91,18.0,18.17,6583400,121221439.93,11970
20240508,2905,7.53,7.46,7.54,7.25,7.41,3268540,24317626.4,8645
20240508,2906,31.22,30.8,31.25,30.0,30.01,9495178,288031622.21,29420
20240508,2907,14.7,14.67,15.04,14.52,14.7,3562800,52503027.0,10730
20240508,2908,9.34,9.34,9.34,9.09,9.11,5579756,51225343.36,9654
20240508,2909,5.57,5.56,5.61,5.44,5.56,8446837,46771802.03,11131
20240508,2910,8.18,7.96,8.05,7.74,7.85,14732000,116131863.0,15597
20240508,2911,9.76,9.76,9.86,9.65,9.67,6520585,63356472.79,15698
20240508,2912,21.54,21.57,21.57,20.73,20.76,3186385,66851689.85,7768
20240508,2913,26.36,26.25,26.26,25.16,25.25,4234198,108467285.52,13139
20240508,2915,12.96,12.8,12.98,12.45,12.5,12331702,155920788.62,24849
20240508,2916,92.26,91.85,93.75,90.3,90.8,3991506,364905811.55,20473
20240508,2918,10.88,10.84,10.91,10.6,10.62,3449806,37000054.76,7915
20240508,2919,20.79,20.7,20.78,19.95,20.05,3616336,72956239.65,7894
20240508,2920,117.79,116.97,117.79,113.31,115.98,7030142,808184098.89,34371
20240508,2921,12.16,12.15,12.19,11.83,11.89,2211800,26456712.0,4399
20240508,2922,17.5,17.3,17.79,17.13,17.54,7826470,137743923.8,12973
20240508,2923,11.4,11.38,11.61,11.28,11.53,5084784,58231230.62,11724
20240508,2925,14.48,14.48,14.48,14.07,14.08,5237630,74629065.6,12145
20240508,2926,7.4,7.39,7.4,7.27,7.28,8432024,61712433.44,10270
20240508,2927,13.58,13.56,13.56,12.68,12.78,13511182,175612985.78,13911
20240508,2928,6.71,6.65,6.73,6.55,6.59,17064825,113451478.75,17419
20240508,2929,35.0,34.81,34.81,33.59,33.73,8245744,280872279.44,19017
20240508,2930,15.11,15.07,15.34,14.92,14.94,2701420,40870487.5,7111
20240508,2932,21.2,21.05,21.47,20.67,21.0,5182978,108785909.16,11964
20240508,2933,28.73,28.6,28.69,27.8,27.9,2467200,69442016.0,5839
20240508,2935,17.58,17.5,17.63,17.16,17.21,3938979,68271595.94,7622
20240508,2936,1.93,1.93,1.94,1.91,1.91,44876959,86211959.69,8829
20240508,2937,22.7,22.8,22.8,22.2,22.29,2278620,51021434.66,8664
20240508,2938,27.5,27.5,27.57,26.93,26.98,21051293,571269845.88,52211
20240508,2939,7.61,7.58,7.6,7.48,7.48,17605200,132364322.0,15822
20240508,2940,17.89,17.81,19.33,17.6,18.6,7526762,139101629.64,15338
20240508,2941,11.56,11.5,11.5,11.17,11.21,10326001,116687550.18,11955
20240508,2942,14.87,14.73,15.38,14.53,14.64,2434910,36153289.3,7212
20240508,2943,25.03,25.0,25.0,24.29,24.47,2511260,61749823.5,8314
20240508,2945,11.83,11.79,12.15,11.77,11.86,19530741,233758181.33,30441
20240508,2946,11.02,11.03,11.1,10.74,10.85,12903389,140306815.56,26908
20240508,2947,33.8,33.48,33.59,32.82,32.93,3888300,128809534.18,13254
20240508,2948,3.44,3.43,3.46,3.39,3.4,23533760,80558927.5,22205
20240508,2949,11.56,11.43,11.52,10.87,10.9,7196882,79381869.8,10464
20240508,2950,8.63,8.64,8.75,8.55,8.69,5314047,46128552.7,14031
20240508,2952,25.23,25.17,25.55,24.51,24.6,4301750,107267762.5,13635
20240508,2953,11.42,11.61,11.79,11.43,11.46,8257906,95735760.35,14680
20240508,2956,14.5,14.4,14.76,13.84,13.92,8136829,115444823.41,10283
20240508,2957,15.38,15.32,15.32,14.92,14.96,8247208,124398496.8,15187
20240508,2958,2.85,2.84,2.86,2.8,2.81,35585200,100514856.0,16774
20240508,2959,59.06,59.0,59.0,57.33,57.35,2168751,125440162.79,7702
20240508,2960,15.15,15.11,15.18,14.75,14.79,5206169,77638810.14,8706
20240508,2961,13.07,13.01,13.12,12.84,12.86,3465089,44820631.88,10846
20240508,2962,15.07,15.07,15.08,14.67,14.72,10931622,162026924.16,20863
20240508,2963,11.44,11.43,11.43,11.11,11.12,2124200,23816123.0,6021
20240508,2965,38.21,37.88,37.88,37.1,37.24,4901102,183289007.03,9043
20240508,2966,7.4,7.38,7.51,7.37,7.41,46565868,346490165.02,33121
20240508,2967,15.9,15.8,15.95,15.43,15.53,18330907,287344785.59,29806
20240508,2968,9.83,9.68,9.72,9.46,9.59,7994733,76532369.45,10203
20240508,2969,3.57,3.56,3.56,3.51,3.52,13211300,46705892.0,13692
20240508,2970,32.21,32.73,33.45,32.35,32.59,6836411,224858225.66,20321
20240508,2971,29.15,29.06,29.32,28.72,28.81,1873900,54170952.0,5293
20240508,2972,10.26,10.12,10.45,10.09,10.3,9559918,97877984.9,11006
20240508,2973,9.86,9.81,9.84,9.7,9.75,2415000,23574954.0,5718
20240508,2975,32.18,32.4,32.4,31.13,31.41,1287700,40705417.0,6124
20240508,2976,24.83,24.9,25.6,24.52,24.87,3533325,88407720.65,8391
20240508,2977,29.6,29.3,30.15,28.77,29.58,4312548,126386477.48,11553
20240508,2978,33.57,33.31,33.91,33.3,33.52,1587994,53302887.18,6523
20240508,2979,20.5,20.3,20.41,19.84,19.93,11536415,231030922.2,30103
20240508,2980,26.18,26.0,26.26,25.5,25.54,2298600,59318500.0,6804
20240508,2981,28.4,28.67,28.67,27.35,27.43,1775400,49381247.0,6398
20240508,2982,16.96,16.92,17.67,16.81,17.59,4980232,86260846.2,11244
20240508,2983,22.68,22.67,22.7,22.2,22.21,1541446,34537352.62,5351
20240508,2984,26.66,26.66,26.69,26.17,26.26,13994031,368934800.82,31036
20240508,2985,28.27,28.7,28.86,27.78,27.88,17419955,494022444.72,46806
20240508,2986,15.03,15.01,15.44,14.93,15.21,3542084,54040038.16,5134
20240508,2987,16.95,16.87,16.9,16.45,16.45,9485240,157386085.0,12515
20240508,2988,19.54,19.41,19.46,19.1,19.16,3253600,62611275.53,9200
20240508,2990,23.3,23.25,23.28,22.56,22.57,2751133,62726495.12,8763
20240508,2991,85.7,85.99,86.85,84.86,85.34,895683,76859160.72,6251
20240508,2992,52.05,53.0,54.5,52.2,53.26,5528803,293652091.71,18242
20240508,2993,34.57,34.57,34.68,33.7,33.8,2376864,80892680.9,11818
20240508,2996,9.26,9.2,9.34,9.18,9.25,4809900,44608906.0,12198
20240508,2997,30.07,29.95,29.95,28.96,29.07,4942505,145025822.07,14760
20240508,2998,7.11,7.13,7.18,7.06,7.08,5494300,39088322.0,9762
20240508,2999,6.82,6.76,7.04,6.66,6.73,18676700,126949143.8,13862
20240508,3000,15.03,15.05,15.14,14.56,14.62,5526267,81657280.92,12960
20240508,3001,14.6,14.6,14.78,14.19,14.24,1489119,21413531.45,3164
20240508,3002,13.45,13.45,13.77,13.08,13.18,6518000,86946059.0,12203
20240508,3003,9.51,9.51,9.57,9.38,9.44,2719800,25733126.0,6551
20240508,3005,25.96,25.88,25.88,25.01,25.13,2826232,71703377.28,8650
20240508,3006,22.26,22.0,22.72,21.93,22.6,3714800,83556685.0,13323
20240508,3007,29.96,29.96,29.97,29.11,29.16,1978900,58178433.0,6712
20240508,3008,22.25,22.26,22.37,21.94,22.0,714310,15786210.6,2812
20240508,3009,44.05,43.88,43.96,42.8,42.94,1666000,72011954.0,6721
20240508,3010,16.87,16.7,16.86,16.45,16.49,3053424,50700858.64,7093
20240508,3011,15.82,15.83,15.94,15.61,15.75,2212430,34828177.94,4359
20240508,3012,7.84,7.81,8.14,7.7,7.81,51094448,405842478.42,62350
20240508,3015,10.51,10.48,10.54,10.21,10.22,10486000,108393232.0,18981
20240508,3016,6.85,6.85,6.91,6.75,6.77,2200200,14996176.0,5354
20240508,3017,19.38,19.35,19.86,19.11,19.57,3895726,75940118.75,8190
20240508,3018,8.53,8.54,8.55,8.34,8.37,1803500,15163964.0,3793
20240508,3019,28.68,28.52,28.52,27.51,27.7,5515442,153943567.69,12304
20240508,3020,25.17,25.17,25.75,24.9,25.48,3589451,91131884.82,10180
20240508,3021,63.76,63.63,65.16,62.75,64.2,3810440,243616796.4,14616
20240508,3022,17.79,17.81,17.87,17.41,17.45,5018800,88504049.0,14888
20240508,3023,17.83,17.83,18.01,17.46,17.5,2803480,49779366.0,5212
20240508,3025,13.34,13.44,13.44,12.96,12.99,6837585,89487875.45,14490
20240508,3026,26.48,26.59,27.08,26.35,26.69,1727564,46292554.12,7080
20240508,3027,16.01,16.02,16.09,15.76,15.87,3458200,55012614.0,5716
20240508,3028,41.75,42.86,42.96,41.5,41.53,2052400,86598622.0,6646
20240508,3029,27.78,27.8,27.9,25.47,26.6,19064658,507347068.83,35543
20240508,3030,17.65,17.64,17.74,17.4,17.54,779400,13682825.0,3009
20240508,3031,65.39,65.3,65.3,63.9,64.02,1350951,87011011.84,6038
20240508,3033,25.94,25.91,25.91,25.16,25.18,819600,20794877.0,3532
20240508,3035,5.03,5.06,5.08,4.99,4.99,11028200,55435303.0,12867
20240508,3036,9.99,9.91,10.04,9.82,9.85,1720500,17030324.0,4764
20240508,3037,7.65,7.6,7.63,7.46,7.47,5888800,44273723.0,5104
20240508,3038,28.84,28.83,28.83,28.14,28.24,2281300,64730067.0,7724
20240508,3039,14.27,14.22,14.45,14.17,14.28,3810900,54477980.0,10239
20240508,3040,13.19,13.06,13.1,12.82,12.87,5440500,70472580.0,13928
20240508,3041,13.58,13.58,13.72,13.36,13.47,1712852,23203586.6,4848
20240508,3042,15.09,15.09,15.46,15.04,15.06,3931050,59891684.0,6757
20240508,3816,4.07,4.05,4.11,4.05,4.08,78173417,319041395.36,37308
20240508,300001,20.46,20.46,20.51,20.02,20.07,12917121,261439638.04,22370
20240508,300002,9.45,9.4,9.4,9.06,9.1,75151666,688008146.99,64523
20240508,300003,14.93,14.91,15.0,14.67,14.85,16965277,251072181.43,29477
20240508,300004,4.94,4.92,4.93,4.83,4.84,3635700,17722903.0,6149
20240508,300005,5.76,5.76,5.85,5.71,5.73,12172500,70110044.0,15934
20240508,300006,3.0,3.08,3.37,3.04,3.18,57943484,183705813.76,28181
20240508,300007,15.12,15.1,15.1,14.73,14.82,6545215,97189544.51,9163
20240508,300008,3.93,3.92,3.92,3.81,3.83,38424285,147874018.55,12861
20240508,300009,10.4,10.54,10.88,10.48,10.7,57063624,608192431.52,65766
20240508,300011,5.98,6.0,6.0,5.84,5.84,6791400,40030388.0,9315
20240508,300012,13.16,13.11,13.11,12.76,12.76,11078900,142661975.0,16213
20240508,300014,38.84,38.64,38.75,37.41,37.61,18409131,698816198.63,40035
20240508,300015,13.22,13.18,13.28,12.87,12.91,75344176,979706226.94,70181
20240508,300016,5.2,5.43,5.6,5.23,5.48,32424206,176523986.96,30860
20240508,300017,9.43,9.4,9.4,8.83,8.84,115877519,1043046016.99,74750
20240508,300018,5.19,5.16,5.21,5.11,5.12,6640700,34170159.0,7674
20240508,300019,13.73,13.68,13.68,13.31,13.32,6439498,86642239.28,11257
20240508,300021,3.97,3.97,4.03,3.95,3.97,8913300,35559890.0,7942
20240508,300024,11.0,10.99,10.99,10.68,10.69,20340071,219337644.41,17971
20240508,300025,9.87,9.83,10.21,9.78,10.19,12228960,122451866.7,9053
20240508,300026,3.9,3.9,3.96,3.88,3.93,46086050,180965107.13,21459
20240508,300027,2.02,2.0,2.02,1.96,1.97,41107574,81616234.75,17100
20240508,300030,4.91,5.18,5.35,4.93,5.12,27575607,141698367.87,31064
20240508,300031,14.51,14.51,14.58,14.0,14.05,12396526,175317525.97,22817
20240508,300032,3.82,3.85,3.85,3.7,3.72,9685100,36338776.0,11571
20240508,300033,123.69,122.52,123.17,119.01,119.6,7146573,860893637.4,30582
20240508,300034,18.48,18.4,18.4,17.68,17.74,23236491,418692838.93,23964
20240508,300035,10.29,10.21,10.37,10.06,10.1,20505889,208719136.46,26482
20240508,300036,16.79,16.79,16.86,16.02,16.06,16016893,261808930.71,17309
20240508,300037,34.84,34.73,34.83,33.82,33.9,7427791,254225017.16,24821
20240508,300039,6.35,6.34,6.43,6.29,6.36,20970109,133425327.17,18989
20240508,300040,4.61,4.59,5.25,4.57,4.86,37159317,184039681.82,27545
20240508,300041,8.52,8.47,8.51,8.29,8.32,12530480,104843694.8,11281
20240508,300042,25.01,25.0,25.45,24.62,24.86,3063400,76382170.0,12125
20240508,300043,2.64,2.62,2.63,2.53,2.54,29128505,74621779.0,11879
20240508,300045,21.5,21.4,21.44,20.54,20.56,40961740,852681543.81,54915
20240508,300047,7.7,7.69,7.69,7.39,7.43,14862856,111138240.36,19108
20240508,300048,5.42,5.39,5.45,5.32,5.33,6761500,36324464.0,9080
20240508,300049,53.53,53.5,54.5,52.77,53.68,3906003,209557167.59,9615
20240508,300050,3.7,3.67,3.68,3.52,3.59,26630931,95067800.55,12084
20240508,300053,10.88,10.75,11.09,10.52,10.59,36765178,396141293.26,31602
20240508,300054,23.83,23.65,23.83,23.26,23.29,8725709,204838738.88,24700
20240508,300055,5.0,5.0,5.03,4.9,4.95,5172161,25678321.17,8069
20240508,300056,9.82,9.9,10.12,9.66,9.76,11365460,112265544.3,9927
20240508,300057,4.9,4.9,4.93,4.81,4.85,8474742,41205041.54,10446
20240508,300058,6.53,6.47,6.47,6.27,6.27,64517393,408806932.69,33191
20240508,300059,13.18,13.16,13.18,12.92,12.96,143114777,1862502370.2,86439
20240508,300061,4.23,4.22,4.22,4.15,4.17,7737000,32315273.0,8618
20240508,300062,5.0,5.0,5.07,4.93,4.98,7738347,38747941.63,9720
20240508,300063,4.93,4.81,4.84,4.64,4.65,56894900,267900722.5,27127
20240508,300066,3.61,3.62,3.74,3.57,3.68,30191553,110987934.98,23192
20240508,300067,5.28,5.18,5.72,5.08,5.38,156250133,844950456.0,64341
20240508,300068,10.58,10.55,10.57,10.25,10.3,18720606,194546526.56,22941
20240508,300070,4.94,4.94,4.94,4.86,4.87,16344798,79854098.79,12041
20240508,300071,2.73,2.75,2.75,2.63,2.64,12943500,34484220.0,8787
20240508,300072,2.45,2.45,2.5,2.39,2.45,33947971,82990631.79,13424
20240508,300073,43.95,43.6,43.72,41.73,41.82,32019268,1354132577.3,67543
20240508,300074,3.74,3.71,3.72,3.55,3.57,21299036,76839384.52,7907
20240508,300075,15.68,15.61,15.61,15.11,15.16,16083893,245944092.47,22561
20240508,300076,3.83,3.82,3.85,3.7,3.73,14699400,55023453.0,9129
20240508,300077,9.69,9.7,9.73,9.35,9.38,8169675,77483381.0,14276
20240508,300078,3.04,3.03,3.05,2.92,2.94,14612450,43357486.0,9181
20240508,300079,4.76,4.73,4.75,4.6,4.61,27725803,129072017.92,19475
20240508,300080,4.29,4.25,4.33,4.2,4.21,6923400,29367939.0,11439
20240508,300081,6.51,6.45,6.47,6.23,6.25,19967500,126146658.0,14519
20240508,300082,5.65,5.76,6.0,5.56,5.61,14364639,82491933.67,18730
20240508,300083,6.45,6.39,6.43,6.2,6.29,86471861,544554329.76,48164
20240508,300085,10.39,10.33,10.33,9.92,9.92,12077182,121361325.67,16307
20240508,300086,4.85,4.88,4.96,4.79,4.91,14529250,70986943.5,10521
20240508,300087,7.76,7.76,7.8,7.66,7.74,9143242,70678739.0,13032
20240508,300088,5.22,5.21,5.21,5.07,5.07,24423616,125036683.28,22464
20240508,300091,1.93,1.92,1.98,1.88,1.89,23672456,45540442.09,8660
20240508,300092,10.68,10.7,10.94,10.61,10.69,10558999,113626316.25,10399
20240508,300094,3.38,3.37,3.46,3.35,3.38,53603170,182787260.67,20837
20240508,300095,6.97,6.9,6.94,6.76,6.77,5679400,38855236.0,9250
20240508,300098,3.52,3.5,3.51,3.43,3.44,25768078,89173295.18,16742
20240508,300099,5.41,5.4,5.4,5.22,5.22,16290390,86006673.7,13003
20240508,300100,10.56,10.45,11.0,10.41,10.87,17121706,184839883.78,22557
20240508,300101,16.92,16.85,16.85,16.15,16.28,13656331,223323173.03,19271
20240508,300102,6.89,6.74,6.8,6.62,6.64,18488219,123840617.97,24386
20240508,300105,7.09,7.04,7.6,6.92,7.52,36703397,269779128.73,23819
20240508,300106,6.78,6.78,6.95,6.71,6.85,6364030,43512891.9,5955
20240508,300107,13.93,13.13,14.66,12.51,14.33,133680587,1804448557.45,126731
20240508,300109,22.25,22.55,24.48,22.55,23.7,29205523,686563951.0,31253
20240508,300110,3.75,3.72,3.79,3.68,3.75,24842153,92916994.35,20203
20240508,300111,2.48,2.48,2.53,2.46,2.5,17276700,43140881.0,9541
20240508,300112,8.02,8.02,8.02,7.81,7.82,4224107,33318517.67,7281
20240508,300113,11.62,11.5,11.56,11.26,11.29,10077054,114553526.58,17638
20240508,300115,10.98,10.96,10.96,10.56,10.59,41300942,441388689.12,36607
20240508,300118,12.87,12.8,12.86,12.52,12.56,19008544,240509892.54,23116
20240508,300119,17.02,17.03,18.66,16.82,17.99,25625194,457085342.41,32600
20240508,300120,5.3,5.34,5.34,5.24,5.29,7428893,39345967.64,10668
20240508,300122,36.88,36.89,37.29,36.3,36.43,20874384,765988365.84,54617
20240508,300123,5.66,5.62,5.62,5.46,5.48,29098560,160510832.6,23481
20240508,300124,63.77,63.88,65.2,63.63,63.77,15486430,996184615.7,41498
20240508,300126,5.33,5.33,5.33,5.19,5.21,3072100,16107716.0,5265
20240508,300127,17.05,17.0,18.22,16.55,17.44,16751051,292125009.28,25736
20240508,300128,3.69,3.67,3.68,3.56,3.58,13963394,50230999.81,5409
20240508,300129,7.79,7.76,7.79,7.61,7.62,11695504,89939400.31,6198
20240508,300130,21.82,21.71,21.71,21.01,21.1,11540432,245436400.37,19350
20240508,300132,4.23,4.23,4.27,4.15,4.24,10161300,42805362.54,10403
20240508,300133,8.52,8.1,8.48,7.81,8.21,224654881,1813400848.5,126171
20240508,300134,8.28,8.28,8.31,8.09,8.12,6555361,53600408.51,15905
20240508,300136,19.76,19.54,19.61,18.9,18.99,25841448,496484640.04,40493
20240508,300138,9.97,10.0,10.19,9.89,10.09,12580029,126343986.88,10044
20240508,300139,12.1,11.88,13.13,11.61,12.77,79842074,1001923942.44,85450
20240508,300140,7.12,7.12,7.14,7.04,7.06,3848100,27268317.0,9347
20240508,300141,7.74,7.78,7.87,7.61,7.63,3298100,25429122.0,6244
20240508,300142,15.09,15.1,15.37,14.97,15.12,22231006,336859990.56,31347
20240508,300143,8.6,8.63,8.72,8.5,8.55,4452700,38212136.0,11144
20240508,300144,10.68,10.68,10.75,10.51,10.54,20038042,212200935.61,20560
20240508,300145,3.15,3.14,3.16,3.09,3.1,21928999,68379680.91,13049
20240508,300146,16.04,15.98,16.05,15.7,15.84,9663056,153388074.6,17526
20240508,300148,2.84,2.84,2.84,2.76,2.77,16036590,44606769.04,10766
20240508,300149,5.38,5.48,5.65,5.36,5.55,13886867,76295057.3,17048
20240508,300150,3.21,3.22,3.22,3.14,3.15,6921500,21917847.0,7692
20240508,300151,16.38,16.35,16.49,15.88,15.95,3674400,59056149.0,7921
20240508,300153,6.6,6.59,6.7,6.48,6.5,4844024,31824010.76,8312
20240508,300154,6.07,6.03,6.11,6.0,6.01,3020200,18253628.0,5646
20240508,300155,3.77,3.72,3.75,3.63,3.66,11669206,42952094.9,12603
20240508,300157,2.53,2.5,2.72,2.44,2.56,30921545,79370887.7,9800
20240508,300158,5.01,4.97,5.12,4.93,5.06,46932765,236439436.64,34613
20240508,300160,5.67,5.65,6.39,5.56,5.92,56170306,336249776.0,23916
20240508,300161,28.54,28.52,29.45,28.08,28.66,7987886,231282131.38,19328
20240508,300162,5.46,5.46,5.59,5.41,5.42,7693700,42198876.0,9803
20240508,300164,4.52,4.45,4.45,4.29,4.31,45705451,199593127.34,14547
20240508,300166,7.47,7.39,7.43,7.21,7.23,16049044,117043083.96,19808
20240508,300168,5.94,5.94,5.94,5.74,5.76,11435700,66417089.0,12690
20240508,300169,6.04,5.82,5.89,5.7,5.73,36865100,213310783.0,19838
20240508,300170,6.67,6.65,6.65,6.5,6.51,18546000,121445601.0,17976
20240508,300171,15.94,15.75,18.08,15.61,17.45,41677616,704873011.04,48343
20240508,300172,5.78,5.75,5.91,5.61,5.83,62598823,364026682.84,33134
20240508,300173,4.24,4.24,4.25,4.15,4.17,11739197,49229723.37,11654
20240508,300174,16.74,16.75,16.76,16.11,16.14,5137397,83804368.35,10566
20240508,300176,5.34,5.25,5.4,5.23,5.24,5258061,27809433.03,8200
20240508,300177,7.37,7.37,8.5,7.24,7.78,179959526,1402457082.31,98554
20240508,300179,7.91,7.9,8.0,7.83,7.92,6100054,48403623.49,6769
20240508,300180,4.2,4.11,4.12,3.98,3.99,115764866,466871272.17,58999
20240508,300181,15.95,15.99,16.38,15.44,15.77,21777487,344175709.41,26904
20240508,300182,5.21,5.15,5.16,4.98,5.01,90153900,454250224.5,37453
20240508,300183,12.25,12.22,12.27,12.01,12.08,3067170,37169795.4,8359
20240508,300184,5.09,5.09,5.15,4.98,5.09,56652980,287401637.8,27853
20240508,300187,5.88,5.91,6.03,5.86,5.93,7823412,46632555.13,3910
20240508,300188,13.71,13.5,13.5,13.06,13.12,15943409,211077792.82,26606
20240508,300189,2.54,2.54,2.62,2.5,2.62,32948450,84696410.0,9067
20240508,300190,3.39,3.34,3.41,3.31,3.38,8090449,27145245.4,6484
20240508,300191,14.6,14.43,14.68,14.25,14.4,3831481,55290731.5,3669
20240508,300192,10.87,10.85,11.03,10.72,10.84,9015600,97937503.0,12066
20240508,300193,8.53,8.49,8.54,8.4,8.45,7323517,61967671.01,8242
20240508,300194,4.4,4.35,4.48,4.32,4.38,56540407,248001835.94,28101
20240508,300195,4.98,4.99,4.99,4.87,4.89,6272400,30817102.0,9190
20240508,300196,12.43,12.27,12.55,12.11,12.14,4641826,57063924.88,5527
20240508,300199,13.19,13.09,13.98,12.94,13.73,90902088,1229099326.6,67009
20240508,300200,8.03,7.88,7.96,7.7,7.76,18114038,141532296.62,15604
20240508,300203,13.27,13.38,13.38,12.78,12.85,5933300,76982542.0,14874
20240508,300204,6.81,6.92,7.88,6.92,7.42,30330856,222251453.89,26170
20240508,300206,10.3,10.13,10.5,9.96,10.06,21341449,216576852.94,32148
20240508,300207,15.43,15.35,15.36,15.04,15.05,27971464,424544746.91,31032
20240508,300212,21.85,21.7,21.76,20.93,20.93,14443294,305424583.14,28775
20240508,300213,6.86,6.84,6.86,6.58,6.58,17667744,117790879.36,12989
20240508,300214,6.14,6.07,6.14,5.87,5.91,10097300,60310970.0,7890
20240508,300215,4.21,4.21,4.28,4.18,4.22,8313000,35159518.0,9610
20240508,300217,4.63,4.62,4.62,4.52,4.53,20285430,92379030.6,12615
20240508,300218,15.43,15.43,15.7,15.22,15.34,2999984,46433763.82,9059
20240508,300219,6.31,6.29,6.3,6.12,6.14,7331668,45383591.16,11349
20240508,300221,6.45,6.45,6.59,6.3,6.43,32514913,210131656.52,15979
20240508,300222,6.0,5.98,5.99,5.82,5.83,8322900,49069465.0,8748
20240508,300223,64.16,63.91,63.99,62.67,62.94,5535587,349617420.96,15675
20240508,300224,10.86,10.83,11.12,10.72,10.87,11864785,129575689.55,19239
20240508,300226,20.96,20.81,20.83,20.25,20.28,6650347,136329296.35,15401
20240508,300227,6.84,6.76,6.76,6.55,6.57,19297124,128127396.9,18502
20240508,300228,7.04,7.05,7.07,6.88,6.89,21765943,150996950.24,22810
20240508,300229,15.98,15.8,15.81,15.21,15.25,25216186,389657252.76,38243
20240508,300230,4.08,4.07,4.11,4.03,4.06,15436323,62882615.07,14949
20240508,300231,8.78,8.77,8.77,8.5,8.54,8113430,69787500.1,10392
20240508,300232,5.71,5.67,5.69,5.53,5.55,15506271,86650648.76,12784
20240508,300233,18.85,18.91,19.74,18.8,19.29,31759044,613323125.94,37124
20240508,300234,4.6,4.57,4.62,4.51,4.55,6017262,27430904.91,6704
20240508,300235,9.16,9.16,9.16,8.9,8.93,3649858,32832708.66,6849
20240508,300236,33.8,33.79,33.85,32.8,32.86,2370000,78676556.08,9869
20240508,300237,1.41,1.41,1.41,1.37,1.38,19433700,26793961.6,4858
20240508,300238,10.67,12.8,12.8,12.8,12.8,10402104,133146931.2,3830
20240508,300239,5.54,5.58,5.95,5.54,5.77,38036795,220287762.2,21033
20240508,300240,5.6,5.58,5.64,5.49,5.52,3249600,18019692.0,5311
20240508,300241,4.01,4.0,4.02,3.94,3.95,8761400,34807427.0,12080
20240508,300242,2.68,2.67,2.69,2.6,2.61,22331459,58777535.58,11539
20240508,300243,12.3,12.04,14.76,12.03,14.76,41931597,579076667.81,29614
20240508,300244,15.11,15.11,15.36,14.76,14.95,20396710,305337460.02,32662
20240508,300245,6.18,6.16,6.17,5.98,6.02,4722400,28574978.0,7186
20240508,300246,8.57,8.8,8.8,7.81,7.85,33999595,276499356.25,35396
20240508,300247,2.95,3.16,3.4,3.04,3.05,52550564,166632561.24,22058
20240508,300248,7.44,7.41,7.41,7.21,7.22,4154072,30248679.0,5982
20240508,300249,7.3,7.26,7.3,7.13,7.15,11206500,80540235.0,12864
20240508,300250,13.83,13.73,13.79,13.38,13.43,3862000,52193647.0,8520
20240508,300251,9.59,9.53,9.57,9.22,9.28,32715114,304576988.32,34696
20240508,300252,7.84,7.7,7.81,7.51,7.52,23183100,176765557.5,15286
20240508,300253,6.94,6.9,6.9,6.72,6.73,25512679,172831109.76,29768
20240508,300254,9.62,9.7,10.36,9.49,10.12,28120241,279681657.89,29666
20240508,300255,12.1,12.03,12.29,11.65,11.97,41628814,499330587.12,44575
20240508,300257,12.99,12.98,12.98,12.6,12.61,4831708,61624756.38,19013
20240508,300258,10.17,10.19,10.19,9.98,9.99,6579774,66242536.62,9596
20240508,300259,3.08,3.07,3.08,3.02,3.03,7245900,22056521.0,8841
20240508,300260,24.87,24.75,24.93,23.86,23.93,6356691,154122308.75,16109
20240508,300261,7.0,6.82,7.78,6.82,7.36,83339353,601762777.48,52851
20240508,300263,6.77,6.7,6.74,6.47,6.54,33671178,220632104.64,28559
20240508,300264,4.91,4.88,4.9,4.73,4.74,11272100,53942774.0,12193
20240508,300265,6.77,6.78,6.8,6.58,6.61,7967416,53111048.76,12516
20240508,300266,1.78,1.76,1.78,1.73,1.75,10590795,18600133.7,4988
20240508,300267,2.74,2.7,2.89,2.67,2.86,96337220,268565617.1,36688
20240508,300269,3.89,3.89,3.89,3.76,3.77,17042800,64818003.0,11380
20240508,300270,5.84,5.85,5.88,5.72,5.72,4980200,28710221.0,5665
20240508,300271,6.04,6.04,6.04,5.84,5.86,12600645,74375740.99,13140
20240508,300272,5.52,6.62,6.62,6.46,6.62,47971800,317505624.0,11897
20240508,300274,106.9,106.02,106.83,104.27,104.46,8584315,902353346.56,36872
20240508,300275,10.08,9.9,10.02,9.68,9.71,7262900,71506238.6,8452
20240508,300276,3.92,3.91,3.92,3.8,3.82,21445228,82451307.44,12479
20240508,300278,3.48,3.48,3.49,3.4,3.41,12295149,42198888.24,7897
20240508,300279,4.9,4.9,4.9,4.79,4.81,8298300,40233874.0,11851
20240508,300281,4.71,4.71,4.71,4.65,4.67,5677700,26534976.0,5167
20240508,300283,4.9,4.94,4.97,4.82,4.83,5649900,27644444.75,8513
20240508,300284,8.97,8.8,9.35,8.5,8.97,131587653,1184610495.45,78727
20240508,300285,19.52,19.52,20.12,19.32,19.86,25386160,503168341.42,36161
20240508,300286,21.9,21.82,22.11,21.41,21.73,2985500,64667224.63,7224
20240508,300287,2.77,2.76,2.77,2.64,2.65,27710024,74282782.08,12098
20240508,300288,13.23,13.19,13.23,12.81,12.9,6707000,86848222.0,11281
20240508,300289,4.76,4.79,5.1,4.76,4.89,16928485,83135220.8,16949
20240508,300290,8.45,8.38,8.56,8.13,8.19,39287173,325841846.83,31901
20240508,300291,5.29,5.27,5.28,5.1,5.12,21169721,109039619.69,17305
20240508,300292,3.73,3.72,3.73,3.59,3.61,56260059,204799028.99,29077
20240508,300293,13.3,13.3,13.77,13.08,13.54,20687650,278967416.5,31998
20240508,300294,33.07,33.1,33.78,33.0,33.19,6024364,200840083.1,15865
20240508,300295,10.0,9.5,9.57,9.21,9.26,21291056,199763957.21,17616
20240508,300296,5.03,5.02,5.03,4.91,4.92,15443400,76470139.0,14995
20240508,300298,24.59,24.69,24.97,24.38,24.45,3932000,96600465.0,12223
20240508,300299,4.36,4.34,4.34,4.18,4.2,11757721,49897421.88,11374
20240508,300301,1.39,1.38,1.48,1.37,1.42,9697640,13930512.2,1802
20240508,300302,11.0,10.96,11.16,10.72,10.76,12854460,140311911.4,18904
20240508,300303,5.15,5.13,5.18,5.04,5.06,20852397,106310720.74,20503
20240508,300304,7.5,7.45,7.63,7.36,7.42,24525137,183308039.45,16943
20240508,300305,6.97,6.91,7.17,6.77,6.84,3740600,25762912.0,6852
20240508,300306,10.08,9.81,10.16,9.81,9.88,2877900,28690889.0,6523
20240508,300308,176.79,175.5,177.93,173.5,174.8,16068787,2814674417.43,63435
20240508,300310,4.77,4.82,5.21,4.77,4.84,138840818,687436819.89,52434
20240508,300314,11.52,12.16,13.82,12.16,13.82,22902425,311991707.5,10830
20240508,300315,5.07,5.02,5.03,4.84,4.85,101817866,499067063.21,53562
20240508,300316,33.9,33.78,33.8,32.79,33.04,14932841,495519948.09,33222
20240508,300317,3.94,3.97,4.73,3.91,4.39,89389133,406998946.82,45457
20240508,300318,5.35,5.34,5.8,5.33,5.67,26324748,146777531.56,23540
20240508,300320,7.46,7.48,7.79,7.39,7.76,15632097,119324892.94,17376
20240508,300321,24.35,24.6,24.6,23.86,23.92,1864402,45011158.76,3072
20240508,300322,9.5,9.5,10.45,9.3,9.96,71165937,712994641.58,69341
20240508,300323,4.92,4.93,4.93,4.8,4.81,10554615,51068495.95,15310
20240508,300324,2.73,2.73,2.74,2.64,2.64,28970341,77246566.92,8597
20240508,300328,5.22,5.19,5.22,5.11,5.13,10148650,52356537.5,14268
20240508,300329,4.71,4.73,4.76,4.62,4.63,3536500,16551572.0,5253
20240508,300331,18.09,18.0,18.06,17.5,17.59,4118446,72911004.14,10720
20240508,300332,6.34,6.31,6.36,6.21,6.22,6968700,43674023.0,9455
20240508,300333,4.88,4.89,4.89,4.73,4.76,6622800,31737248.0,8888
20240508,300334,5.73,5.72,5.91,5.68,5.75,4656625,26949012.25,6223
20240508,300335,4.55,4.54,5.08,4.51,4.66,43565778,207419952.19,33271
20240508,300337,7.24,7.2,7.3,7.1,7.2,21444252,154724224.66,22335
20240508,300339,22.56,22.43,22.44,21.83,21.88,26575537,584678000.45,36112
20240508,300340,8.39,8.34,8.44,8.2,8.26,3720640,30879736.4,8606
20240508,300341,9.89,9.87,9.98,9.68,9.68,3400100,33283184.0,6675
20240508,300342,14.62,14.47,14.82,14.06,14.37,49705802,713221632.74,51208
20240508,300345,7.31,7.34,7.46,7.22,7.24,3208400,23535358.0,3301
20240508,300347,61.7,61.35,61.68,59.72,59.86,11205060,678237640.42,35271
20240508,300348,7.65,7.6,7.65,7.39,7.41,8489002,63448531.07,14642
20240508,300349,14.24,14.27,14.37,14.01,14.08,8153229,115524930.72,9001
20240508,300350,5.65,5.63,5.84,5.54,5.65,45225119,258724530.68,22881
20240508,300351,18.05,17.88,17.97,17.4,17.43,10798784,190363314.63,14657
20240508,300352,4.6,4.58,4.58,4.43,4.46,23706217,106145545.48,15692
20240508,300353,8.73,8.75,8.75,8.4,8.43,12422000,105695615.0,11484
20240508,300354,44.12,44.04,44.04,42.55,42.65,1214200,52327153.0,4499
20240508,300355,2.91,2.9,2.91,2.86,2.86,20461100,59065131.4,7061
20240508,300357,25.25,26.1,27.4,25.65,26.29,21321103,564657736.82,36363
20240508,300358,8.91,8.85,9.68,8.85,9.49,37219091,343382970.89,31070
20240508,300359,4.42,4.43,4.43,4.27,4.28,10378420,44745975.1,8760
20240508,300360,15.08,14.95,14.99,14.6,14.63,9769888,143956401.44,15715
20240508,300363,17.33,17.39,17.96,17.29,17.68,17041084,300642035.59,31328
20240508,300364,25.14,24.6,24.6,23.72,23.81,65023289,1559501481.12,91705
20240508,300365,5.32,5.28,5.29,5.1,5.13,11603405,60099877.0,12088
20240508,300366,10.1,9.91,10.06,9.64,9.7,55656733,546691405.86,55105
20240508,300369,6.72,6.7,6.7,6.45,6.47,10650844,69556009.8,17397
20240508,300371,9.88,9.9,9.9,9.67,9.68,1189236,11595302.2,2757
20240508,300374,16.57,16.33,17.35,16.16,16.94,32231045,543203063.3,44758
20240508,300375,4.61,4.6,4.61,4.4,4.5,17335356,78514161.74,15256
20240508,300377,6.1,6.06,6.07,5.88,5.89,13210664,78444717.6,17581
20240508,300378,17.89,17.81,17.82,17.32,17.36,5277200,92307069.0,11460
20240508,300380,17.29,17.29,17.35,16.6,16.66,4081000,68671506.0,11184
20240508,300381,8.5,8.15,9.18,8.15,8.7,92870627,815198282.58,56667
20240508,300382,7.51,7.52,7.59,7.35,7.39,6013821,44846353.64,10948
20240508,300383,9.26,9.32,9.35,9.07,9.09,13618600,124642793.53,19408
20240508,300384,15.23,15.14,15.39,15.08,15.3,2318932,35328971.12,8330
20240508,300385,4.39,4.4,4.41,4.3,4.32,3269860,14198774.6,3896
20240508,300386,7.58,7.57,7.57,7.29,7.32,4268190,31584229.3,8119
20240508,300387,7.12,7.07,7.29,6.9,7.15,16302100,115858883.0,16491
20240508,300388,6.33,6.29,6.35,6.23,6.25,4786000,30128172.0,6271
20240508,300389,14.35,14.34,14.34,13.92,13.97,5310403,74774701.0,13537
20240508,300390,21.64,21.61,21.68,21.07,21.15,10137288,216005122.18,22471
20240508,300393,7.6,7.64,7.68,7.4,7.41,13152452,98853818.32,14032
20240508,300394,145.5,145.01,149.15,143.71,146.0,16237777,2377366427.66,74708
20240508,300395,30.25,30.26,30.26,29.11,29.18,9778876,288110108.7,25499
20240508,300396,26.82,26.81,26.99,26.18,26.3,3441600,91428030.4,12873
20240508,300397,11.76,11.4,11.4,10.88,11.04,42710867,473639746.47,35798
20240508,300398,12.34,12.22,12.44,12.01,12.08,11760296,143252252.63,20364
20240508,300399,9.97,10.0,10.0,9.62,9.7,3649813,35602176.82,7702
20240508,300400,11.73,11.74,11.8,11.4,11.46,3822900,44168741.32,9205
20240508,300401,13.2,12.82,13.27,12.65,12.98,51102695,661361844.89,42148
20240508,300402,16.12,15.93,16.82,15.74,16.0,9399400,152560967.85,9972
20240508,300403,8.09,8.06,8.08,7.85,7.87,17406000,138154541.0,17431
20240508,300404,8.07,8.12,8.29,7.94,8.1,17831299,144913337.7,21670
20240508,300405,4.68,4.68,4.72,4.5,4.58,13716826,63155528.3,12225
20240508,300406,18.61,18.58,18.84,18.33,18.56,4058664,75254870.72,12103
20240508,300407,8.86,8.47,8.6,8.23,8.24,27920283,234271336.65,19258
20240508,300408,28.69,28.68,28.68,28.01,28.06,7308436,205993072.23,21510
20240508,300409,11.55,11.48,11.57,11.26,11.34,15962800,181600172.0,24852
20240508,300410,5.88,5.94,6.07,5.79,5.83,7327695,43314066.74,10184
20240508,300411,16.56,16.01,19.2,15.04,17.87,103022508,1819605060.3,110786
20240508,300412,3.71,3.71,3.78,3.67,3.73,11670728,43460412.32,13199
20240508,300413,23.6,23.45,23.45,22.83,22.92,13595277,312970370.85,22219
20240508,300414,7.78,7.74,7.86,7.59,7.63,6050200,46583102.0,8907
20240508,300415,24.1,23.73,24.48,23.62,23.86,6501341,155996916.38,15465
20240508,300416,14.29,14.2,14.56,13.88,13.91,21144375,301191619.51,30967
20240508,300417,7.94,7.99,8.25,7.62,7.69,2968900,23101580.0,5562
20240508,300418,40.59,39.5,40.11,38.29,38.35,66690620,2596401854.96,111718
20240508,300421,8.91,8.87,8.97,8.73,8.82,4854736,43024507.32,8358
20240508,300424,14.7,15.83,17.1,15.54,15.99,78547049,1260334030.53,86759
20240508,300425,4.57,4.54,4.57,4.46,4.46,16409536,73912456.92,5803
20240508,300426,8.64,8.56,8.66,8.35,8.37,6537600,55399929.0,10369
20240508,300428,20.4,20.21,20.37,19.73,19.82,8694318,174137448.48,16976
20240508,300429,11.06,11.06,11.99,11.06,11.48,52026257,599110868.84,57202
20240508,300430,19.31,18.94,19.89,18.35,19.77,14520308,277403394.27,15674
20240508,300432,8.0,7.93,8.05,7.89,7.89,14370655,114592787.2,19013
20240508,300433,14.69,14.69,14.73,14.37,14.4,23001131,333181528.66,29339
20240508,300434,9.35,9.35,9.47,9.2,9.32,6905300,64656486.0,10003
20240508,300435,13.76,13.73,13.82,13.57,13.62,3612000,49384788.0,5612
20240508,300436,18.53,18.64,19.4,18.53,18.78,3371900,63891022.0,8745
20240508,300437,10.71,10.53,11.99,10.53,11.13,19923119,224144233.26,21889
20240508,300438,24.61,24.51,24.52,23.69,23.74,12848191,308758489.89,25579
20240508,300439,10.7,10.73,11.09,10.64,10.82,8895600,96379616.6,15663
20240508,300440,5.93,5.92,5.95,5.76,5.78,5155800,30068296.0,9944
20240508,300441,7.09,7.02,7.1,6.97,6.98,8246700,57849075.0,13863
20240508,300442,30.25,30.0,30.59,29.65,29.68,15401391,461651497.73,28715
20240508,300443,19.17,19.18,19.23,18.83,18.86,5142750,97732925.5,10166
20240508,300444,6.24,6.22,6.33,6.19,6.23,14553300,91097608.0,12158
20240508,300445,18.54,18.48,18.48,18.1,18.2,3208450,58634633.85,7765
20240508,300446,16.54,16.31,16.42,15.86,15.93,12601769,202305287.75,18399
20240508,300447,14.1,13.61,14.0,13.41,13.53,21402633,292190381.66,27432
20240508,300448,4.28,4.25,4.29,4.19,4.19,7023709,29714080.8,9788
20240508,300450,22.52,22.4,22.43,21.68,21.7,23292368,510975108.56,35175
20240508,300451,4.44,4.41,4.43,4.27,4.28,24123162,104591267.4,25769
20240508,300452,13.49,13.41,13.65,13.32,13.57,5333478,72004339.99,11255
20240508,300453,8.05,8.04,8.07,7.93,7.98,5262370,42107111.65,9881
20240508,300454,56.68,55.91,56.0,54.51,54.52,5367988,295093356.01,18166
20240508,300455,10.81,10.85,11.18,10.62,10.71,21966000,239246572.03,26300
20240508,300456,18.53,18.34,18.44,17.79,17.8,14900944,268860657.32,23089
20240508,300457,16.68,16.66,16.75,16.26,16.32,13842922,227691771.17,25055
20240508,300458,20.21,20.17,20.17,19.6,19.66,11215735,222406516.9,27822
20240508,300459,4.07,4.04,4.04,3.93,3.94,66001801,261440916.54,35071
20240508,300461,15.07,15.12,15.18,14.54,14.55,2280300,33463944.0,4921
20240508,300462,8.57,8.5,8.54,8.21,8.23,3882700,32421704.0,5239
20240508,300463,13.76,13.7,13.99,13.69,13.78,7434600,102885604.5,18003
20240508,300464,4.18,4.15,4.2,4.04,4.07,3379700,13827511.0,4977
20240508,300465,7.71,7.73,7.73,7.47,7.49,5413500,40943892.0,6718
20240508,300466,7.51,7.45,7.46,7.22,7.24,16091960,117624900.6,17743
20240508,300467,14.03,13.87,13.92,13.4,13.42,4954500,67079238.0,5618
20240508,300468,8.96,8.92,8.92,8.66,8.68,12266821,107009851.72,11991
20240508,300469,13.17,13.17,13.27,12.57,12.69,9639941,123123872.64,10231
20240508,300470,35.41,35.68,35.68,34.69,34.71,1118754,39263051.24,5714
20240508,300471,9.95,9.85,10.6,9.77,10.04,15936300,161764819.99,20582
20240508,300474,69.64,68.99,71.53,68.0,69.82,10118654,710906539.57,35971
20240508,300475,36.37,36.23,36.66,35.35,35.48,10671030,382778110.38,31110
20240508,300476,29.35,28.9,31.49,28.9,30.35,51833754,1576623905.95,79160
20240508,300479,16.29,16.16,16.35,15.67,15.76,3717317,59060989.3,6952
20240508,300480,16.34,16.34,16.53,16.08,16.16,2451136,39989780.42,4926
20240508,300481,15.35,15.18,15.39,14.81,14.83,9914943,148872668.62,11897
20240508,300482,30.03,29.98,30.48,29.4,29.61,9548264,283942211.66,25659
20240508,300483,8.88,8.85,9.0,8.75,8.75,4093073,36285400.86,4533
20240508,300484,16.95,16.12,17.42,15.55,17.19,37716299,628970132.51,46629
20240508,300485,8.15,8.11,8.44,8.09,8.31,10304730,85333994.2,13745
20240508,300486,5.22,5.32,5.53,5.2,5.21,21979950,117573393.25,18355
20240508,300487,50.3,50.68,50.79,49.9,50.36,3355009,168805680.56,11670
20240508,300488,23.53,23.32,23.58,23.08,23.25,1059384,24683892.14,3607
20240508,300490,8.79,8.71,8.85,8.61,8.64,8894400,77479839.0,12254
20240508,300491,18.24,18.11,18.19,17.29,17.29,6743350,118743740.0,7558
20240508,300492,106.85,106.36,110.55,105.0,109.22,1144900,124075946.0,5996
20240508,300493,7.47,7.43,7.57,7.35,7.38,6583355,49022853.9,8244
20240508,300494,13.02,12.9,12.9,12.4,12.42,27123650,340825390.3,31054
20240508,300496,49.46,49.2,49.49,48.05,48.18,10541994,510392803.09,32061
20240508,300497,11.65,11.79,12.5,11.61,12.29,47396795,572717737.16,32422
20240508,300498,19.01,18.93,20.08,18.93,19.91,77418247,1524844909.98,67496
20240508,300499,12.06,12.0,12.06,11.73,11.77,8078800,95695754.0,14147
20240508,300500,9.78,9.78,9.78,9.4,9.43,3666911,34931134.82,5678
20240508,300501,12.67,12.68,12.77,12.38,12.41,2284117,28460093.81,4396
20240508,300502,83.3,83.3,85.03,82.55,83.63,25254024,2119362623.28,85029
20240508,300503,15.45,14.9,15.08,14.43,14.52,23868533,350569735.35,33621
20240508,300504,13.76,13.61,13.69,13.34,13.4,2662400,35866083.0,6327
20240508,300505,18.01,17.06,17.91,17.02,17.12,45131381,787165744.41,49573
20240508,300508,21.83,21.85,21.88,21.22,21.26,1097172,23575539.56,3490
20240508,300509,5.57,5.57,5.6,5.46,5.47,3423500,18857466.0,5139
20240508,300510,4.34,4.35,4.37,4.21,4.23,14526031,62150005.25,11394
20240508,300512,6.76,6.76,6.8,6.61,6.63,2386000,15910281.0,4322
20240508,300513,8.91,8.91,8.98,8.65,8.68,5167644,45439159.56,8204
20240508,300514,14.51,14.48,14.48,14.1,14.18,3775600,53852115.0,8471
20240508,300515,10.07,10.06,10.11,9.86,9.93,2624400,26106525.0,5830
20240508,300516,28.75,29.0,29.87,28.99,29.39,5021500,148019702.52,8404
20240508,300517,8.55,8.55,8.55,8.28,8.32,4137547,34624726.59,7846
20240508,300518,10.15,10.16,10.17,9.7,9.74,3800016,37585635.28,7123
20240508,300519,13.14,13.09,13.31,12.98,13.16,3065400,40313839.0,7500
20240508,300520,21.87,21.3,22.3,20.56,22.3,37747497,808995174.36,48335
20240508,300521,9.72,9.78,9.8,9.53,9.54,1799700,17335998.0,4675
20240508,300522,12.93,12.99,13.3,12.69,12.89,6417140,83326793.2,11489
20240508,300523,19.23,19.05,19.28,18.73,19.09,2633100,49994524.0,4225
20240508,300525,12.82,12.79,12.79,12.3,12.33,10940423,136020599.01,12556
20240508,300527,7.29,7.22,7.22,7.03,7.04,23229671,164758923.98,22691
20240508,300528,7.7,7.69,7.69,7.39,7.43,5077800,37926693.6,9074
20240508,300529,29.09,29.0,29.2,28.3,28.64,10535099,301842835.48,27150
20240508,300530,18.87,18.85,20.33,18.53,19.25,5896061,115152208.64,11865
20240508,300531,10.72,10.69,10.7,10.36,10.49,4328300,45452415.0,9528
20240508,300532,14.78,14.75,14.75,14.29,14.32,6648173,96064212.9,9077
20240508,300533,19.14,19.13,19.19,18.52,18.6,6264400,117347267.88,14914
20240508,300534,8.38,8.37,8.56,8.31,8.49,11145300,94359148.0,11853
20240508,300535,13.71,13.7,14.08,13.38,13.44,3628102,49490833.94,8073
20240508,300537,15.75,15.58,16.1,15.51,15.97,9824700,156113582.0,16926
20240508,300538,14.7,14.5,14.8,14.2,14.26,7812200,112927121.0,15843
20240508,300539,9.05,9.07,9.09,8.87,8.89,3238400,29080785.0,7250
20240508,300540,24.65,24.48,26.86,24.11,24.8,9649603,244052033.29,14237
20240508,300541,13.1,13.03,13.07,12.65,12.68,7779770,99449889.2,8345
20240508,300543,7.89,7.83,7.92,7.76,7.79,4081369,31974089.81,7193
20240508,300545,24.81,24.8,24.8,24.05,24.13,2985100,72686517.0,8767
20240508,300546,10.82,10.8,11.25,10.64,10.81,6003524,65544867.55,12881
20240508,300547,19.05,19.01,19.34,18.68,18.74,4420480,83793375.8,10321
20240508,300548,23.25,23.19,23.19,22.41,22.49,8960212,202821356.06,19448
20240508,300549,15.59,15.4,15.48,15.08,15.1,2236300,34110652.0,4387
20240508,300550,10.95,11.0,11.0,10.56,10.63,1323700,14180704.0,4636
20240508,300551,9.54,9.5,9.54,8.99,9.1,24018800,219982271.6,32594
20240508,300552,27.6,27.6,29.0,27.6,27.85,20275109,574434644.62,35134
20240508,300553,28.4,28.68,28.7,27.61,27.65,1453930,40548728.7,3678
20240508,300554,23.23,23.3,24.92,23.3,23.57,10498358,251862391.48,24023
20240508,300555,6.11,6.13,6.18,6.09,6.15,640335,3921478.5,347
20240508,300556,20.5,20.5,20.5,19.46,19.5,7657500,151398279.0,16310
20240508,300557,30.14,30.14,30.14,29.3,29.42,699400,20755998.0,2111
20240508,300558,43.95,43.96,44.42,42.82,43.2,6482749,281042099.92,22455
20240508,300559,11.95,11.98,11.98,11.49,11.52,6711846,78119141.64,10647
20240508,300560,13.11,13.09,13.26,12.82,12.88,5160720,67056692.6,10364
20240508,300562,10.25,10.3,10.38,9.95,10.06,9626868,97478695.4,19168
20240508,300563,24.02,22.61,23.14,20.31,22.25,41467432,919745989.25,54154
20240508,300564,10.9,10.85,10.86,10.29,10.29,3375304,35480207.16,4105
20240508,300565,11.23,11.33,11.33,10.85,10.92,4951400,54537226.0,7766
20240508,300566,14.98,14.99,15.02,14.52,14.58,4604500,67696099.0,10641
20240508,300567,61.35,61.35,61.38,59.8,59.97,2697000,162655314.0,11115
20240508,300568,10.51,10.44,10.45,10.12,10.16,33353367,341963644.34,34754
20240508,300569,5.1,5.1,5.21,5.06,5.13,17285592,88966351.56,12228
20240508,300570,39.96,39.51,39.74,37.71,38.2,13963103,539340968.76,35320
20240508,300571,26.19,25.96,26.09,25.41,25.58,1341600,34479516.0,5524
20240508,300572,13.02,13.04,13.45,12.72,13.17,6972700,90980245.0,10726
20240508,300573,269.93,269.0,269.93,264.7,266.98,1471830,393298615.95,9272
20240508,300575,6.41,6.4,6.59,6.29,6.37,12191149,78382410.23,11693
20240508,300576,38.56,38.3,39.1,37.93,38.6,8042354,310091352.89,17622
20240508,300577,23.58,22.98,23.68,22.4,22.6,2752180,62711464.6,6894
20240508,300578,14.66,14.34,14.44,13.98,14.03,10427681,147423426.32,17040
20240508,300579,20.71,20.71,20.71,20.02,20.07,1552237,31392419.68,5947
20240508,300580,28.16,27.95,28.09,26.98,27.12,6255502,170892535.68,14517
20240508,300581,8.72,8.59,8.67,8.39,8.42,19315850,164465595.8,21909
20240508,300582,9.16,9.12,9.27,8.98,9.02,6947900,63143182.0,12693
20240508,300583,16.26,15.84,17.7,15.52,17.14,15505074,256248813.65,18676
20240508,300584,18.3,18.21,20.0,17.99,19.21,10320510,194906949.0,16052
20240508,300585,12.53,12.48,12.54,12.17,12.2,6476800,79613412.0,11808
20240508,300586,8.72,8.5,8.79,8.34,8.38,38467277,328000681.1,21303
20240508,300587,4.92,4.9,4.94,4.81,4.84,19410980,94361242.67,19409
20240508,300588,8.76,8.68,8.72,8.45,8.48,4066800,34765099.0,7676
20240508,300589,12.16,12.09,12.39,11.98,12.12,10321727,126195454.07,14162
20240508,300590,12.55,12.33,12.33,11.83,11.88,26718790,322406540.99,21531
20240508,300591,4.1,4.09,4.09,3.98,3.99,6360620,25545810.2,7142
20240508,300592,18.93,18.85,18.89,18.46,18.51,4536900,84518288.0,8397
20240508,300593,9.55,9.49,9.57,9.27,9.3,8847901,83273745.58,14373
20240508,300594,17.52,17.2,18.65,17.15,17.81,7794800,140747922.0,10204
20240508,300595,19.49,19.45,19.67,19.18,19.22,8848138,171331777.02,19380
20240508,300596,34.46,33.89,34.86,33.03,34.47,12678869,430563205.52,27943
20240508,300597,7.55,7.47,7.51,7.3,7.34,4901631,36240150.99,4098
20240508,300598,38.59,38.2,38.34,37.46,37.48,2620624,99018560.33,7727
20240508,300599,6.22,6.19,6.21,6.08,6.13,2903700,17816307.0,3966
20240508,300601,21.21,21.18,21.48,20.88,21.01,11919262,251711003.08,24901
20240508,300602,15.11,15.14,15.15,14.62,14.67,7980175,118131499.1,18118
20240508,300603,8.19,8.16,8.16,7.8,7.85,11572676,92117749.96,9575
20240508,300604,29.26,29.19,29.44,28.5,29.0,8587153,248261926.5,23323
20240508,300605,10.36,10.36,10.38,10.06,10.13,1993700,20275620.0,4334
20240508,300606,20.65,20.55,20.59,20.1,20.17,2664900,54121404.0,7660
20240508,300607,13.78,13.65,13.7,13.29,13.37,7480476,100504694.8,13338
20240508,300608,11.37,11.34,11.34,10.93,10.95,9296732,102817786.53,12858
20240508,300610,10.84,10.53,10.84,10.33,10.4,13718590,144067700.9,11614
20240508,300611,9.18,9.22,9.27,9.06,9.11,4151200,38036989.0,7386
20240508,300612,15.01,14.97,14.99,14.48,14.49,4093815,59767976.23,7041
20240508,300614,11.55,11.53,12.61,11.34,11.86,7764800,92898130.32,12701
20240508,300615,11.07,11.0,11.01,10.6,10.64,2653800,28564839.93,5586
20240508,300616,13.82,13.83,13.84,13.44,13.46,1773228,24038487.88,5276
20240508,300617,26.39,26.36,27.32,26.11,26.4,2169842,57973173.88,6692
20240508,300618,30.98,30.5,30.52,29.87,29.89,11537080,347127734.57,26758
20240508,300619,41.42,41.37,42.11,40.3,40.44,1024000,41967908.35,3369
20240508,300620,44.69,44.44,44.48,42.95,43.11,6780405,295351133.8,21033
20240508,300621,8.72,8.67,8.67,8.32,8.38,4137104,35035069.9,5252
20240508,300622,16.19,16.21,16.26,15.88,15.99,1202480,19276883.2,4124
20240508,300623,16.61,16.61,16.61,16.2,16.23,10171452,166157851.78,14427
20240508,300624,89.4,88.5,88.5,85.67,86.07,8968487,777310430.9,32925
20240508,300625,12.86,12.85,12.85,12.49,12.51,2731950,34551126.5,5942
20240508,300626,7.7,7.73,7.97,7.67,7.67,6308507,49317803.44,10820
20240508,300627,29.68,29.6,29.6,29.01,29.06,5728414,167458474.0,15722
20240508,300628,36.8,36.45,37.55,36.0,37.5,9308889,343709985.19,24787
20240508,300629,20.43,20.3,20.3,19.7,19.8,9823187,195570810.9,15498
20240508,300631,25.14,24.65,25.1,24.01,24.31,5943421,144876581.26,10964
20240508,300632,10.23,10.22,10.26,10.0,10.01,2124749,21471237.97,4518
20240508,300633,41.73,41.7,41.96,40.94,41.05,2078800,85884123.08,8777
20240508,300634,19.84,19.51,19.57,18.8,18.87,22308653,425912768.73,38852
20240508,300636,11.09,10.88,11.26,10.88,11.08,6433538,71279552.32,4902
20240508,300637,8.15,8.25,8.47,8.09,8.33,26804820,222466340.6,20612
20240508,300638,17.6,17.68,17.7,16.97,17.05,24311269,418022246.66,40978
20240508,300639,6.58,6.61,6.82,6.59,6.7,13169787,88305366.87,20161
20240508,300640,4.99,4.97,5.01,4.85,4.88,2821020,13879944.2,4477
20240508,300642,14.5,14.44,14.98,14.36,14.72,2485279,36695397.83,5149
20240508,300643,11.41,11.39,11.42,11.25,11.32,2275700,25785770.0,5098
20240508,300644,20.55,19.96,20.45,19.49,19.53,12317310,244351052.54,19749
20240508,300645,13.42,13.42,13.47,12.95,13.01,3627100,47659976.0,6282
20240508,300647,4.78,4.73,4.8,4.64,4.66,12413200,58533304.5,15027
20240508,300648,19.4,19.4,19.46,19.04,19.12,1920099,36840656.84,6189
20240508,300649,11.55,11.58,11.58,11.24,11.28,2260300,25734611.0,5772
20240508,300650,9.98,9.97,10.03,9.63,9.67,4303850,42158500.5,8909
20240508,300651,14.56,14.57,16.9,14.46,15.5,9969700,157874669.19,16903
20240508,300652,25.25,25.25,25.35,24.49,24.65,1660523,41086642.49,4521
20240508,300653,24.99,26.51,27.96,25.82,27.73,13653153,369396146.89,25318
20240508,300654,10.58,10.29,10.29,9.96,9.98,19468200,196154136.0,18325
20240508,300655,7.71,7.69,7.84,7.57,7.59,13887579,106554449.84,16228
20240508,300656,19.72,19.78,19.78,19.41,19.44,667760,13046871.1,2143
20240508,300657,17.98,18.98,19.11,18.12,18.21,33229732,618330035.81,42492
20240508,300658,5.14,5.14,5.21,5.08,5.11,4387173,22557111.42,5782
20240508,300659,15.94,15.87,15.87,15.28,15.35,4660400,72204873.0,9895
20240508,300660,28.89,28.51,28.53,27.78,27.88,6911480,194035303.2,14625
20240508,300661,73.04,73.57,73.57,71.6,72.96,2198848,159631297.12,13392
20240508,300662,23.9,23.3,23.57,22.85,23.01,4065170,94089007.25,13770
20240508,300663,10.58,10.54,10.57,10.19,10.25,8758953,90410494.56,15010
20240508,300664,5.1,5.07,5.1,5.02,5.07,5909500,29906237.5,5603
20240508,300665,6.51,6.49,6.7,6.35,6.47,7774592,50349425.8,8081
20240508,300666,47.53,47.36,47.49,46.48,46.59,3495900,163652515.0,13895
20240508,300667,13.4,13.42,13.46,13.13,13.16,2670800,35361658.0,4794
20240508,300668,18.41,18.42,18.49,17.68,17.71,875900,15670141.0,1986
20240508,300669,14.33,14.49,14.49,14.13,14.14,932300,13321030.0,1834
20240508,300670,5.35,5.35,5.43,5.28,5.33,6345670,33881000.8,6554
20240508,300671,23.66,23.67,23.68,22.96,23.04,2664600,61928055.5,9242
20240508,300673,14.37,14.36,14.74,14.27,14.37,3784030,54910295.14,7688
20240508,300674,12.93,12.91,12.92,12.47,12.52,13418201,169335858.31,20945
20240508,300675,12.07,11.93,12.09,11.61,11.68,4274090,50169967.41,5208
20240508,300676,42.33,42.92,44.0,42.51,42.83,6938570,299379270.8,20084
20240508,300677,28.44,28.29,28.5,27.32,27.38,16477440,456356905.26,41374
20240508,300678,29.42,29.0,29.3,28.32,28.47,8929190,255455784.46,18034
20240508,300679,43.5,43.35,43.85,42.9,43.41,4961335,215469101.61,18173
20240508,300680,18.42,17.95,18.2,17.36,17.76,13463295,238515511.92,20200
20240508,300681,15.66,15.63,15.63,15.07,15.19,5699727,87195428.96,8889
20240508,300682,10.14,10.13,10.13,9.73,9.77,16308580,161055999.76,28666
20240508,300683,26.23,26.53,27.31,25.89,26.9,3163118,84242628.76,8441
20240508,300684,16.33,17.04,17.39,16.2,16.2,15038548,251536091.52,24439
20240508,300685,22.38,22.45,22.63,21.98,22.07,5037990,111916348.5,14859
20240508,300686,7.58,7.58,7.62,7.38,7.43,5049383,37763914.37,7584
20240508,300687,17.5,17.4,17.41,16.75,16.81,6605140,112380753.4,12867
20240508,300689,14.66,14.69,14.69,14.2,14.29,1065950,15318280.3,3047
20240508,300690,27.76,26.8,27.63,25.56,26.73,18348636,487125066.19,31559
20240508,300692,5.4,5.41,5.78,5.32,5.69,15211519,85046456.67,13159
20240508,300693,29.97,29.98,30.08,28.85,29.02,8460807,248087504.01,17030
20240508,300694,10.58,10.58,10.58,10.32,10.38,2746300,28660573.0,6580
20240508,300695,43.11,43.06,43.06,42.38,42.47,335000,14272610.0,1454
20240508,300696,15.06,14.85,15.35,14.71,14.8,16136783,241560593.67,28144
20240508,300698,36.18,35.8,37.39,35.0,35.24,7384130,267368287.2,16402
20240508,300699,27.71,27.5,27.6,26.81,26.87,14820544,401239415.59,28571
20240508,300700,11.5,11.44,11.58,11.1,11.17,5273392,59715598.76,6988
20240508,300701,8.44,8.39,8.44,8.27,8.3,2832826,23588574.44,5909
20240508,300702,20.11,20.11,20.75,20.1,20.56,4176358,85219045.62,9976
20240508,300703,9.3,9.3,9.39,9.14,9.17,2982678,27636798.19,6775
20240508,300705,38.55,38.54,38.8,37.85,38.46,3461449,133044445.85,12186
20240508,300706,18.94,18.94,18.94,18.39,18.5,1417400,26323594.0,4657
20240508,300707,14.87,14.7,15.69,14.66,15.05,10549100,160548076.0,20370
20240508,300708,9.28,9.24,9.28,9.03,9.05,9937020,90757070.2,17095
20240508,300709,30.02,29.94,30.01,28.57,28.67,11277806,328775986.84,24325
20240508,300710,19.3,18.7,18.98,17.63,17.86,9551134,174422895.96,12941
20240508,300711,22.1,20.8,20.87,18.89,20.1,29376580,592045344.51,43873
20240508,300712,24.6,24.67,25.26,24.31,24.77,2180830,54247526.1,5315
20240508,300713,12.85,12.91,12.97,12.57,12.62,2165500,27595460.35,5343
20240508,300715,8.97,9.0,9.09,8.77,8.81,897040,7961548.8,2609
20240508,300717,15.35,15.35,15.63,15.11,15.42,2581100,39604445.0,4585
20240508,300718,15.31,15.25,15.31,14.92,14.94,3312686,49933200.88,8850
20240508,300719,22.76,23.5,24.55,22.04,24.02,78836347,1863263650.8,108561
20240508,300720,16.19,16.1,16.26,15.8,15.85,1310250,20932085.0,2228
20240508,300721,14.62,15.0,16.88,14.7,15.51,37701628,592066447.37,49145
20240508,300722,21.96,21.65,21.96,21.42,21.81,4614589,99967869.56,9456
20240508,300723,24.15,24.27,24.32,23.36,23.64,4287171,101581328.36,11348
20240508,300724,69.83,70.1,70.1,68.21,68.34,7353967,506507435.68,23307
20240508,300725,35.7,35.32,36.77,34.8,36.3,10669034,382295367.23,25886
20240508,300726,24.08,24.02,24.02,23.32,23.42,5541160,130813981.3,15576
20240508,300727,26.45,26.02,26.36,25.4,25.53,5762190,148469196.9,14810
20240508,300729,18.08,18.08,18.08,17.24,17.35,10112296,177401629.83,11162
20240508,300730,9.75,9.79,9.79,9.42,9.46,7837550,74711816.0,11048
20240508,300731,16.51,16.55,16.59,16.04,16.1,3188400,51883663.0,8811
20240508,300732,7.55,7.66,7.87,7.55,7.57,16950209,130556655.39,13298
20240508,300733,10.47,10.5,10.54,10.2,10.25,2866440,29534522.6,7190
20240508,300735,23.52,23.56,23.56,22.6,22.72,35095448,801063335.69,57533
20240508,300736,15.48,15.53,15.59,15.33,15.5,2136588,33093098.12,2157
20240508,300737,4.68,4.64,4.66,4.49,4.5,13303340,60600945.8,18240
20240508,300738,11.71,11.5,11.66,11.35,11.41,48662961,557418284.7,49097
20240508,300739,12.09,12.02,12.1,11.82,11.86,2538600,30247258.0,5828
20240508,300740,19.36,19.2,19.34,18.76,19.24,8614968,164377337.39,19054
20240508,300741,19.33,19.3,19.35,19.04,19.14,1546800,29670092.0,6888
20240508,300743,12.72,12.72,12.84,12.48,12.55,3451635,43513857.15,7313
20240508,300745,16.48,16.46,16.46,15.93,15.99,3188064,51340629.6,8537
20240508,300747,21.45,21.48,21.48,20.8,20.85,7380913,155133988.35,15718
20240508,300748,15.46,15.4,15.54,15.15,15.2,12939112,197759275.72,19237
20240508,300749,6.42,6.42,6.45,6.24,6.27,3347553,21207008.37,4682
20240508,300750,206.88,207.0,207.8,203.11,203.23,12432997,2544539625.56,53493
20240508,300751,118.18,117.73,119.2,116.7,117.39,2684028,316526661.92,12090
20240508,300752,12.47,12.69,12.69,12.23,12.27,3121840,38619296.0,9858
20240508,300753,12.82,12.91,13.58,12.54,13.49,12070200,157707505.2,17930
20240508,300755,18.37,18.28,18.45,18.09,18.12,1913800,34921483.0,6198
20240508,300756,13.43,13.48,13.48,13.1,13.23,2543800,33681430.0,3015
20240508,300758,14.4,14.4,16.6,14.4,16.51,85890496,1348856477.39,78615
20240508,300759,20.33,20.22,20.47,19.82,19.96,21141605,423903732.35,33641
20240508,300760,311.6,310.0,310.0,303.11,304.79,4663900,1424896113.71,30405
20240508,300761,22.12,22.29,23.35,22.04,23.18,9934476,225772602.24,19662
20240508,300762,15.96,16.73,17.49,16.2,17.0,122203521,2058660474.01,104084
20240508,300763,56.49,56.97,57.98,56.07,56.1,8265210,471567983.02,26755
20240508,300766,11.92,11.75,11.85,11.39,11.49,9074100,104987385.0,13389
20240508,300767,11.54,11.59,11.59,11.14,11.18,4565739,51737486.04,10159
20240508,300768,13.32,13.15,13.25,12.88,13.04,10189227,132289003.92,12838
20240508,300769,38.35,38.3,38.52,37.65,37.75,8817858,335236166.19,24361
20240508,300770,39.76,39.73,40.96,39.39,39.6,4849210,194169912.51,12414
20240508,300771,10.24,10.1,10.36,9.93,10.01,13575080,137309669.1,11426
20240508,300772,10.01,10.06,10.07,9.81,9.81,6184375,61138340.55,11617
20240508,300773,14.59,14.58,14.58,14.14,14.17,9473579,135263947.02,18158
20240508,300774,8.34,8.3,8.37,8.19,8.23,1716121,14180407.25,4490
20240508,300775,26.21,26.08,26.75,25.76,25.89,16454759,431398116.4,22562
20240508,300776,46.0,45.9,46.23,45.03,45.04,2248892,102314930.6,9685
20240508,300777,26.31,26.23,26.25,25.45,25.55,6974795,179503543.74,14302
20240508,300778,12.96,12.59,12.71,11.99,12.06,18124513,222041361.04,25410
20240508,300779,52.01,52.71,55.27,51.5,55.05,3393717,183368451.55,6881
20240508,300780,16.2,16.24,16.24,15.56,15.62,4926800,78049409.0,10576
20240508,300782,91.02,90.92,91.11,88.4,89.33,7497572,671146292.77,28295
20240508,300783,27.08,26.86,27.31,26.55,26.61,6036900,161820450.0,17711
20240508,300785,23.32,22.4,22.4,20.82,21.25,22465838,481518151.42,28823
20240508,300786,12.24,12.27,12.3,11.95,12.1,3744788,45368944.84,7109
20240508,300787,13.37,13.37,13.38,13.06,13.13,1498130,19776625.0,4304
20240508,300788,29.88,29.41,29.49,28.57,28.6,5054800,145668409.0,9651
20240508,300789,18.37,18.31,18.4,17.9,18.0,1381200,25006039.9,2971
20240508,300790,14.73,14.6,15.17,14.31,14.63,17049300,251712021.0,19843
20240508,300791,41.58,41.0,41.58,40.64,41.24,1263406,51911953.85,4526
20240508,300792,18.41,18.21,18.28,17.82,17.83,3225342,58134656.74,7774
20240508,300793,13.38,13.36,13.38,13.0,13.04,4960220,65061668.6,9411
20240508,300795,24.29,24.3,24.35,23.33,23.51,2173650,51560031.68,7140
20240508,300796,16.4,16.21,16.39,14.8,15.04,18986701,289994934.05,18119
20240508,300797,11.05,11.0,11.04,10.75,10.81,3286700,35700519.0,7760
20240508,300798,8.19,8.2,8.72,7.99,8.01,33982813,281965474.89,39703
20240508,300800,10.77,10.76,10.84,10.57,10.62,1796686,19209116.06,5244
20240508,300801,15.58,15.46,15.97,15.46,15.8,4434045,69953962.3,6808
20240508,300802,17.29,17.18,17.25,16.68,16.81,1845680,31201218.6,5002
20240508,300803,46.5,46.28,46.47,44.73,44.92,8662536,391912756.21,25297
20240508,300805,7.38,7.33,7.41,7.19,7.2,7102038,51680854.58,9973
20240508,300806,9.49,9.48,9.65,9.17,9.28,7804990,73156166.0,12700
20240508,300808,16.51,16.5,16.63,15.8,16.0,3134000,50547103.0,6024
20240508,300809,24.2,23.98,24.09,23.4,23.51,4011660,95060551.4,8895
20240508,300810,18.19,18.27,18.27,17.77,17.8,2726050,48850474.0,6232
20240508,300811,57.23,56.75,56.97,55.36,55.47,1868877,104545511.54,6124
20240508,300812,23.77,23.77,23.97,23.16,23.2,4103700,96419447.2,9879
20240508,300813,18.64,20.99,22.37,20.7,22.37,11731877,258799327.67,15347
20240508,300814,27.85,27.8,28.47,27.42,27.6,2833891,79104244.69,9239
20240508,300815,13.97,13.89,13.95,13.69,13.71,3275564,45203843.44,7687
20240508,300816,23.48,23.4,23.61,22.87,23.22,1242130,28846649.4,2713
20240508,300817,12.5,12.49,12.6,12.31,12.35,2336191,29065028.85,6357
20240508,300818,29.08,28.95,28.95,27.75,27.85,2487684,70292094.91,6449
20240508,300819,12.71,12.69,12.82,12.51,12.52,1617850,20424905.0,3912
20240508,300820,48.94,48.82,48.95,46.73,46.87,3019823,143655298.83,9563
20240508,300821,8.29,8.26,8.39,8.15,8.17,10040364,82678343.36,18404
20240508,300822,11.09,11.0,11.05,10.75,10.82,2594650,28219649.0,6158
20240508,300823,18.87,18.84,19.27,18.61,18.62,5579600,105380867.0,7505
20240508,300824,8.83,8.85,8.85,8.49,8.54,10087550,86880542.5,10930
20240508,300825,12.03,11.9,11.92,11.55,11.6,10774803,126099576.87,12209
20240508,300826,12.87,12.87,12.87,12.42,12.56,3197900,40269322.7,5658
20240508,300827,28.09,28.12,28.68,27.75,28.05,6423623,181712277.39,12619
20240508,300828,12.53,12.53,12.59,12.35,12.39,2192400,27344314.5,4753
20240508,300829,21.58,20.4,21.1,20.04,20.15,18820168,384858591.95,24009
20240508,300830,6.21,6.19,6.19,6.06,6.07,5089800,31064074.0,8516
20240508,300831,10.66,10.64,10.65,10.39,10.42,2661300,27905518.0,6437
20240508,300832,76.89,76.89,78.66,75.98,78.3,4442047,343924863.16,22861
20240508,300833,93.99,94.0,94.58,90.61,91.6,766654,70467643.2,3939
20240508,300834,20.23,20.09,20.27,19.82,19.84,982000,19613004.0,2551
20240508,300835,25.08,25.08,25.8,24.76,25.09,2880100,72869853.1,9775
20240508,300836,30.72,29.3,30.44,28.71,30.0,4663603,136947361.57,9902
20240508,300837,25.09,25.1,25.1,24.59,24.63,1327900,32960260.12,3746
20240508,300838,12.5,12.5,12.56,12.23,12.31,1378500,17046279.0,2527
20240508,300840,14.49,14.49,14.63,14.28,14.29,2948300,42596025.4,5355
20240508,300841,64.09,64.11,64.9,62.04,62.7,3169200,199597968.5,13461
20240508,300842,55.51,55.22,55.55,53.13,53.32,6842263,369078625.81,20822
20240508,300843,23.66,23.03,23.5,22.5,22.9,7000696,160457603.64,15695
20240508,300844,26.0,25.7,26.01,24.8,24.95,1861600,46899068.0,6028
20240508,300845,15.71,15.5,16.14,15.02,15.91,12629520,198594515.02,15140
20240508,300846,11.26,11.2,11.21,10.85,10.92,10517668,115250470.92,14147
20240508,300847,17.07,16.93,17.05,16.46,16.6,9184700,153168317.0,10836
20240508,300848,22.55,22.3,22.8,22.02,22.25,2818800,62571858.71,4672
20240508,300849,13.65,13.64,13.69,13.52,13.58,1535050,20867811.5,2013
20240508,300850,21.28,21.37,21.42,20.27,20.32,9436619,194942553.42,24622
20240508,300851,25.1,25.0,25.16,24.26,24.4,1416514,34773596.65,3300
20240508,300852,23.04,22.89,23.16,22.51,22.63,1759000,40207739.4,5922
20240508,300853,17.45,17.51,17.51,16.82,16.87,1453000,24878112.0,4126
20240508,300854,12.09,12.08,12.08,11.75,11.78,1870850,22197135.0,5049
20240508,300855,25.24,25.34,25.34,24.36,24.43,3549087,87619854.2,10051
20240508,300856,85.35,85.22,86.1,83.38,83.59,1520200,128140837.0,6803
20240508,300857,62.49,62.4,63.0,60.65,62.95,6370256,394238484.93,20276
20240508,300858,17.19,17.0,17.4,16.82,17.18,2268900,38870053.0,5905
20240508,300860,36.21,36.0,36.0,34.8,35.03,2624853,92324264.27,6313
20240508,300861,24.81,24.81,24.81,24.17,24.3,3345268,81710580.04,9078
20240508,300862,34.53,34.53,35.15,33.85,34.58,3357755,115688870.28,5383
20240508,300863,43.64,43.72,44.6,43.14,43.2,1135438,49667519.34,3182
20240508,300864,21.12,21.1,21.18,20.8,21.11,895350,18833028.5,2965
20240508,300865,15.75,15.66,15.9,15.25,15.5,2192500,34184964.0,3979
20240508,300866,88.1,88.0,88.3,86.77,86.96,2412850,211266759.64,12464
20240508,300867,12.47,12.41,12.67,12.35,12.4,2698100,33707194.0,5415
20240508,300868,15.22,15.14,15.32,14.96,15.03,1378900,20823748.6,4366
20240508,300869,17.03,17.05,17.34,16.9,17.08,4263500,72978543.0,9554
20240508,300870,46.42,46.41,46.41,45.08,45.25,1865734,84903872.62,6582
20240508,300871,14.83,14.81,15.85,14.71,15.6,4010040,61434665.8,6426
20240508,300872,13.11,13.09,13.36,12.97,13.08,8165728,107257719.35,15230
20240508,300873,17.41,17.38,17.51,16.91,16.91,3258480,55844303.22,7097
20240508,300875,28.36,28.06,28.16,26.97,27.06,5046330,138267421.5,10779
20240508,300876,18.71,18.71,18.82,18.09,18.19,630751,11561776.62,1929
20240508,300877,13.67,13.67,13.68,13.33,13.34,921400,12380283.0,2811
20240508,300878,18.84,18.87,19.58,18.68,19.23,2979664,57145769.04,7837
20240508,300879,14.21,14.29,14.33,13.96,13.99,2441300,34475768.0,5823
20240508,300880,17.25,17.38,18.95,17.15,17.78,11058612,200235072.21,23011
20240508,300881,27.11,27.1,27.1,25.62,25.96,2926810,76640476.3,7215
20240508,300882,22.69,22.62,23.29,22.51,22.76,4903950,112677154.1,10575
20240508,300883,5.15,5.14,5.17,5.05,5.07,3936251,20036022.57,6559
20240508,300884,9.35,9.31,9.31,9.02,9.07,5268129,48124292.87,8697
20240508,300885,8.61,8.49,8.58,8.25,8.29,7933375,65991364.36,10037
20240508,300886,18.85,18.77,19.65,18.21,19.25,2849130,53881327.0,6385
20240508,300887,10.59,10.51,11.07,10.28,10.85,46199311,494387252.01,43668
20240508,300888,31.45,31.4,31.64,31.02,31.02,2509174,78322877.63,8151
20240508,300889,11.41,11.41,11.41,11.08,11.09,2534084,28342141.85,5466
20240508,300890,32.3,32.31,32.6,30.96,31.05,7220197,227200487.53,17279
20240508,300891,11.49,11.15,11.28,10.8,10.88,29950668,329406414.03,23703
20240508,300892,16.55,16.55,16.56,16.14,16.25,1614095,26354848.7,5581
20240508,300893,31.11,31.22,31.23,30.09,30.17,1709000,51975249.0,6136
20240508,300894,16.82,16.44,16.68,15.9,16.01,16320808,263649519.16,24926
20240508,300895,28.7,28.6,28.98,27.66,28.03,5175254,145295362.21,11064
20240508,300896,221.73,221.75,223.5,215.68,215.92,2531855,552698265.14,16765
20240508,300897,30.62,30.5,30.9,30.23,30.43,679300,20732047.0,2061
20240508,300898,20.76,20.58,20.83,20.35,20.49,2555597,52465390.63,7329
20240508,300900,33.24,31.68,32.0,30.85,31.01,23027659,723203751.54,40007
20240508,300901,7.8,7.82,7.84,7.57,7.58,2204300,16842218.0,2460
20240508,300902,34.27,34.15,34.5,33.4,33.81,3734600,126355329.0,6639
20240508,300903,7.03,7.03,7.13,6.89,6.92,6810700,47617997.0,10224
20240508,300905,41.03,39.78,40.97,39.01,39.43,22371991,892117417.66,48960
20240508,300906,21.0,21.08,21.58,20.9,21.01,1535937,32603786.55,3672
20240508,300907,19.35,19.18,19.73,18.9,19.13,2778529,53646039.16,5533
20240508,300908,48.07,47.9,48.05,46.58,46.76,1071139,50612378.12,4461
20240508,300909,22.58,22.65,22.65,22.12,22.15,1603316,35864580.74,6091
20240508,300910,50.83,50.03,51.01,49.4,49.6,2739450,136921032.0,10893
20240508,300911,29.77,29.85,30.1,29.3,29.4,2302900,68377004.0,4839
20240508,300912,12.05,12.17,12.17,11.72,11.72,2257600,26707325.0,5288
20240508,300913,37.44,36.4,37.27,36.0,36.37,8315185,304714138.45,22449
20240508,300915,32.73,32.57,32.97,31.9,32.0,866900,27946038.0,4089
20240508,300916,27.84,27.5,29.65,26.57,29.43,13545488,383835571.88,22422
20240508,300917,28.62,26.93,27.4,26.25,26.38,17052154,456668564.51,29234
20240508,300918,9.68,9.67,9.73,9.49,9.5,3202122,30636590.81,5098
20240508,300919,52.95,52.9,53.05,52.0,52.12,2495516,130719560.68,10491
20240508,300920,16.89,16.9,17.0,16.39,16.48,2893705,47952049.75,5301
20240508,300921,18.92,18.8,18.94,18.4,18.49,1595197,29679745.96,5271
20240508,300922,15.26,14.89,15.17,14.69,14.98,11419418,170598613.86,12073
20240508,300923,18.59,18.62,18.68,18.37,18.4,811300,14981932.0,2135
20240508,300925,11.55,11.4,12.54,11.36,11.72,72812828,866136686.4,53020
20240508,300926,22.79,22.51,22.6,21.58,21.69,9406276,207378339.73,16975
20240508,300927,16.42,15.94,16.29,15.56,15.6,6027304,95586144.47,8052
20240508,300928,36.67,36.18,44.0,35.55,40.88,8302610,346164085.69,14545
20240508,300929,9.17,9.12,9.2,8.88,8.89,1587780,14298875.2,2938
20240508,300930,18.71,18.89,18.89,18.1,18.18,979401,17910936.92,2466
20240508,300931,6.35,6.36,6.4,6.14,6.18,8719659,54445628.94,10061
20240508,300932,12.2,12.19,12.19,11.88,11.95,1826080,21943147.8,4091
20240508,300933,6.35,6.35,6.42,6.29,6.31,5129500,32559712.0,8530
20240508,300935,18.13,18.11,18.11,17.34,17.41,1451420,25559424.8,3860
20240508,300936,34.8,34.69,34.75,33.64,33.72,1655542,56566372.78,3694
20240508,300937,23.9,23.89,24.12,23.48,23.63,1568900,37279357.0,4292
20240508,300938,36.06,35.89,36.15,35.3,35.68,1602349,57126346.07,3711
20240508,300939,29.05,29.19,29.19,28.15,28.25,1357300,38718339.0,4518
20240508,300940,16.5,16.66,16.68,16.16,16.19,2435460,39803478.6,4804
20240508,300941,18.64,18.25,18.36,17.73,17.88,5254430,94669579.77,12060
20240508,300942,7.92,7.99,9.0,7.99,8.34,13922400,117416430.0,21131
20240508,300945,11.46,11.4,11.95,11.0,11.72,30152074,348440230.0,34840
20240508,300946,26.19,26.28,26.52,25.56,25.64,1037926,26962131.22,3608
20240508,300947,13.09,12.56,12.66,12.09,12.17,9531753,116999390.45,10855
20240508,300948,10.29,10.33,10.34,10.04,10.24,3309700,33672891.0,6012
20240508,300949,36.96,37.0,37.18,36.0,36.2,890400,32500310.0,3634
20240508,300951,42.06,42.01,42.01,40.89,40.99,1621150,67058994.0,6457
20240508,300952,21.74,21.45,21.56,20.82,21.12,2487283,52558685.5,4689
20240508,300953,67.0,65.4,67.0,65.02,65.95,836892,55073766.78,4034
20240508,300955,15.8,15.75,15.92,15.4,15.54,957000,14983763.0,3027
20240508,300957,61.67,62.0,62.16,59.77,60.47,3519600,213202295.97,13451
20240508,300958,13.01,13.02,13.02,12.7,12.79,3361250,43209858.5,4786
20240508,300960,19.3,19.01,19.89,18.7,18.97,4809280,92081016.96,7316
20240508,300961,9.18,9.15,9.18,8.99,9.04,2088600,18948043.0,3346
20240508,300962,15.75,15.76,16.07,15.54,15.62,3760023,59321205.22,3815
20240508,300963,10.33,10.33,10.46,10.2,10.28,3739995,38675446.7,7148
20240508,300964,32.95,33.0,33.11,31.98,32.08,1236500,39969827.0,4175
20240508,300966,19.04,19.09,22.85,18.52,22.85,16458294,341577224.06,19233
20240508,300967,10.0,9.83,11.12,9.83,10.95,15703649,165082019.15,15410
20240508,300968,9.04,9.06,9.06,8.82,8.86,4448671,39660547.0,9681
20240508,300969,88.48,88.2,90.35,88.06,88.31,680868,60480621.28,4405
20240508,300970,15.22,14.38,17.98,14.15,16.0,17756145,274066997.52,19609
20240508,300971,19.65,19.53,19.66,19.0,19.02,1947344,37499110.37,3525
20240508,300972,29.17,28.91,29.69,28.6,28.87,1222400,35430426.0,4714
20240508,300973,39.02,39.0,39.1,37.37,37.85,3289481,124708381.61,13542
20240508,300975,11.87,11.5,12.55,11.01,12.31,107666949,1294813796.1,86392
20240508,300976,41.05,41.11,41.11,40.16,40.22,594160,24073799.8,2872
20240508,300977,14.95,14.88,14.96,14.48,14.54,1427100,20891917.0,3254
20240508,300978,11.32,11.32,11.43,11.09,11.12,3268117,36583039.08,8124
20240508,300979,69.13,69.13,70.88,69.11,69.91,1668084,116816692.98,8431
20240508,300980,19.51,19.76,19.81,19.18,19.25,716300,13861553.0,2563
20240508,300981,12.33,12.3,12.51,12.11,12.41,2950242,36414649.96,7639
20240508,300982,19.02,18.9,20.53,18.76,19.91,11035003,218872723.14,20951
20240508,300983,23.99,23.99,24.26,23.65,23.74,339900,8111680.0,1314
20240508,300984,23.01,23.13,23.13,22.59,22.7,405900,9243350.0,1806
20240508,300985,27.67,27.54,28.26,26.85,27.14,3310500,90500424.0,10798
20240508,300986,8.36,8.39,8.39,8.06,8.14,3239284,26479667.46,7562
20240508,300987,14.51,14.45,14.5,13.82,13.82,5436927,76434946.96,8171
20240508,300988,19.85,19.74,19.8,19.0,19.1,7294078,141055361.63,14367
20240508,300989,19.53,19.2,19.34,18.4,18.52,7841140,147267303.65,15326
20240508,300990,33.3,33.11,33.77,32.71,33.33,2182700,72699892.8,8058
20240508,300991,15.03,14.92,14.98,14.55,14.71,4912587,72297802.28,9954
20240508,300992,17.77,17.76,17.88,17.42,17.6,1358200,23915717.0,3212
20240508,300993,12.61,12.65,12.66,12.2,12.25,5139010,63479850.5,8156
20240508,300994,12.17,12.18,13.38,12.05,12.9,12743783,162612788.25,13608
20240508,300995,18.33,18.33,19.4,18.05,18.32,4783037,89516165.71,9273
20240508,300996,16.63,16.5,16.67,15.99,16.05,5119639,83048788.3,10198
20240508,300997,15.42,15.33,15.4,14.95,15.24,3111856,47270131.05,9745
20240508,300998,23.86,23.9,24.23,23.31,23.86,3546101,83683821.93,3920
20240508,300999,32.12,32.16,32.21,31.72,32.02,6286107,201158400.38,18509
20240508,301000,19.74,19.62,19.66,18.93,18.98,4503595,86416084.51,8051
20240508,301001,18.8,18.62,18.7,18.11,18.36,2101560,38573146.67,5719
20240508,301002,15.8,15.85,15.85,15.28,15.34,1392380,21515695.5,3758
20240508,301003,25.93,25.75,26.23,25.0,25.19,1959758,49394667.27,6246
20240508,301004,81.32,81.0,86.52,80.2,81.83,1672600,139044545.48,7177
20240508,301005,40.38,42.0,43.88,38.22,38.49,16881604,680301467.52,32739
20240508,301006,13.96,14.0,14.1,13.69,13.73,1975400,27367913.0,2506
20240508,301008,27.58,27.62,27.98,27.09,27.36,2242124,61578650.1,3858
20240508,301009,8.88,8.87,9.02,8.73,8.77,1955100,17308662.0,5060
20240508,301010,13.56,13.65,13.71,13.28,13.29,1342200,18104779.0,3804
20240508,301011,16.75,17.06,17.06,16.51,16.57,1799088,30004312.5,5664
20240508,301012,21.39,21.5,22.7,21.07,22.36,11490586,254689624.69,19461
20240508,301013,12.25,12.14,12.26,11.76,11.83,8864350,105923320.5,12401
20240508,301015,33.98,34.2,34.23,33.21,33.38,2961000,99639154.0,11310
20240508,301016,17.32,17.2,17.46,16.88,16.99,2423100,41440676.0,4824
20240508,301017,12.96,13.04,13.12,12.81,12.89,1852753,23989399.76,5401
20240508,301018,23.76,23.7,23.7,23.07,23.15,3632800,84735786.0,10118
20240508,301019,22.8,21.9,22.1,21.14,21.25,3889288,83524918.94,9988
20240508,301020,19.12,18.88,19.64,18.32,18.53,3593100,67527062.29,8496
20240508,301021,17.19,17.2,17.23,16.71,16.82,2222200,37674333.1,6577
20240508,301022,25.87,25.7,25.71,25.05,25.3,2720700,68982685.1,7712
20240508,301023,32.0,31.78,32.2,31.65,31.84,566550,18085851.0,2025
20240508,301024,22.49,22.25,22.26,21.5,21.78,1276850,27923436.0,3001
20240508,301025,12.39,11.9,11.94,11.45,11.77,21557833,251346622.68,25019
20240508,301026,25.72,25.59,25.85,25.15,25.33,1573500,40166258.86,4780
20240508,301027,8.68,8.76,8.8,8.39,8.44,4134178,35209582.54,5301
20240508,301028,9.55,9.53,9.66,9.47,9.56,4640050,44377274.5,9885
20240508,301029,24.86,24.6,24.6,24.04,24.18,5742198,139385139.52,12145
20240508,301030,52.0,52.0,52.6,50.51,51.24,3878100,198621009.0,12780
20240508,301031,91.75,91.03,92.8,89.25,89.9,1042000,94501171.0,5464
20240508,301032,8.11,8.15,8.22,7.88,7.91,3885600,31011610.0,9139
20240508,301035,60.05,60.05,60.38,57.32,57.55,953000,55563750.0,5245
20240508,301036,25.28,24.5,26.8,23.88,26.03,16674353,421993184.38,23086
20240508,301037,14.9,14.7,15.55,14.57,14.75,3959468,59266887.47,10213
20240508,301038,15.35,15.22,15.36,14.7,14.86,3824470,57213394.2,6186
20240508,301040,12.71,12.75,12.82,12.32,12.37,1482842,18551549.22,3478
20240508,301041,23.12,23.01,23.1,22.46,22.55,3264200,74169699.0,8857
20240508,301042,36.0,36.08,39.5,35.21,39.07,6194538,233070297.88,12421
20240508,301043,27.56,27.53,27.8,27.28,27.66,1112000,30696895.0,3553
20240508,301045,19.53,20.0,20.5,19.0,19.18,2956700,57948602.35,7389
20240508,301046,20.75,20.73,24.4,20.5,22.18,7309526,165058916.5,14108
20240508,301047,74.24,79.98,89.09,79.0,88.0,5109270,435484693.37,19475
20240508,301048,9.83,9.7,9.8,9.5,9.55,11671651,112391001.64,13008
20240508,301049,28.64,28.15,29.4,27.37,27.4,5862713,164889004.3,11474
20240508,301050,52.8,52.46,52.46,51.01,51.14,4378600,225769310.45,12463
20240508,301051,39.75,39.8,40.0,38.38,38.5,764290,29718177.1,2887
20240508,301052,27.39,26.94,26.94,25.74,25.89,6126615,159918635.92,12209
20240508,301053,20.76,20.9,21.13,20.42,20.51,1253903,26001552.1,3879
20240508,301055,14.55,14.45,14.81,14.41,14.5,1386597,20213375.77,2668
20240508,301056,8.75,8.75,8.79,8.55,8.58,4783616,41409841.64,11498
20240508,301057,12.88,12.83,13.13,12.67,12.77,2271818,29273227.14,4543
20240508,301058,10.45,10.38,10.42,10.09,10.12,11840210,120732094.36,7456
20240508,301059,10.67,10.5,10.58,10.23,10.3,4354320,45226561.3,7209
20240508,301060,10.79,10.85,11.53,10.71,11.06,13303800,146807628.74,27997
20240508,301061,69.4,69.05,72.0,68.69,71.34,993135,70204791.6,5559
20240508,301062,10.58,10.58,10.92,10.47,10.74,4800492,51260949.16,6875
20240508,301063,16.82,16.8,17.94,16.33,16.59,8131664,137708521.58,14113
20240508,301065,19.73,19.51,20.3,19.2,20.03,2824283,56386564.49,6589
20240508,301066,10.51,10.51,10.59,10.34,10.4,1750400,18313257.0,5120
20240508,301067,21.54,21.57,21.57,20.58,20.7,1792700,37416976.2,6042
20240508,301068,28.32,28.43,28.45,27.98,28.21,456244,12868338.68,1669
20240508,301069,17.64,17.63,18.11,17.18,17.23,6857801,119533221.84,15350
20240508,301070,36.2,35.51,35.88,34.77,35.0,526700,18494675.0,1823
20240508,301071,34.78,34.41,34.65,33.66,33.73,3970588,135344849.58,10745
20240508,301072,23.03,22.81,22.95,22.18,22.28,2548774,57257783.06,6659
20240508,301073,23.75,23.87,24.08,22.76,22.94,5707781,133098049.89,11038
20240508,301075,20.68,20.45,21.11,19.94,21.11,2378500,48812899.0,7746
20240508,301076,23.82,23.51,23.7,22.85,22.91,5459751,126496168.26,12240
20240508,301077,21.5,21.53,21.99,21.0,21.05,5820111,125060223.74,8839
20240508,301078,6.51,6.51,6.54,6.41,6.42,8122600,52513041.0,13906
20240508,301080,44.43,45.88,48.72,44.88,47.43,10465802,488451477.06,28698
20240508,301081,8.79,8.79,8.85,8.57,8.63,1785348,15511768.6,3817
20240508,301082,12.77,12.8,12.88,12.61,12.68,2141900,27264175.0,5385
20240508,301083,14.2,14.2,14.2,13.88,13.89,2928566,40968695.72,7442
20240508,301085,51.12,50.25,50.57,48.79,49.09,3266064,161822277.13,10738
20240508,301086,34.47,34.47,34.6,33.87,33.97,424250,14516322.0,2089
20240508,301087,37.95,37.9,38.29,37.5,37.69,709563,26850785.17,3874
20240508,301088,12.45,12.44,12.45,12.21,12.31,1140200,14045013.0,3052
20240508,301089,41.59,41.3,48.03,40.58,44.51,19954257,880909524.95,44988
20240508,301090,9.16,9.12,9.17,8.9,8.92,4114500,37017194.89,9158
20240508,301091,41.1,40.23,40.89,37.6,39.1,18546484,730782602.48,39102
20240508,301092,29.25,28.67,30.17,28.42,28.81,6108033,177770136.12,10721
20240508,301093,23.4,23.38,23.8,23.18,23.26,1621539,38007145.75,4049
20240508,301095,51.93,51.9,51.99,49.81,49.89,2391765,120597788.2,10201
20240508,301096,73.19,72.51,73.52,71.68,71.85,946100,68493645.0,4905
20240508,301097,43.4,43.4,44.97,42.53,42.7,371200,16121325.92,1123
20240508,301098,8.63,8.61,8.61,8.41,8.43,1842350,15624119.5,3054
20240508,301099,41.78,41.58,41.6,40.44,40.66,1564600,64126724.0,5526
20240508,301100,16.02,16.02,16.2,15.73,15.73,1123370,17893142.8,3125
20240508,301101,27.98,28.1,28.25,27.43,27.47,1285317,35676968.14,3713
20240508,301102,14.3,14.25,14.25,13.83,13.89,2412383,33746825.95,7614
20240508,301103,26.15,26.01,28.1,26.0,27.67,5775500,157169865.83,11039
20240508,301105,27.78,27.78,28.07,27.3,27.39,433600,11969405.0,1916
20240508,301107,25.01,25.08,25.08,24.55,24.67,793600,19664451.0,2489
20240508,301108,27.98,27.8,28.89,27.33,28.66,1470271,41512478.82,3130
20240508,301109,16.75,16.74,16.83,16.66,16.67,1846389,30901431.2,5092
20240508,301110,43.12,42.88,42.99,41.35,41.98,1337400,56345729.0,4084
20240508,301111,17.4,17.2,18.26,17.1,17.88,7986200,141747627.85,15073
20240508,301113,23.04,23.05,23.22,22.66,22.76,768100,17593955.0,2650
20240508,301115,16.05,16.05,16.05,15.84,15.87,613770,9765030.2,1693
20240508,301116,10.25,10.21,10.49,10.11,10.45,6680288,69098712.89,12260
20240508,301117,34.15,33.25,33.98,32.44,32.67,4460600,147171309.0,11229
20240508,301118,18.57,18.39,18.39,17.8,17.97,3811913,68460724.52,9450
20240508,301119,20.71,20.72,20.76,20.0,20.23,990336,20152566.8,3683
20240508,301120,9.11,9.17,9.65,9.01,9.52,9599368,90505089.86,14437
20240508,301121,40.1,39.5,40.45,38.46,38.67,3171365,124276326.9,8795
20240508,301122,24.99,24.88,25.64,24.45,24.69,2511300,62553676.92,7991
20240508,301123,17.3,17.3,17.3,16.85,16.89,1868300,31786278.0,6609
20240508,301125,13.95,13.95,14.05,13.61,13.74,2075819,28671579.98,3776
20240508,301126,10.18,10.12,10.48,9.89,10.29,5913674,60368536.5,12173
20240508,301127,9.68,9.63,10.15,9.63,9.99,12847555,127404773.8,17175
20240508,301128,41.7,41.7,41.98,40.68,40.92,1501679,61904083.22,5386
20240508,301129,17.33,17.33,17.37,16.75,16.84,1262755,21503956.6,4866
20240508,301130,26.25,26.05,26.99,25.93,26.9,1500536,39825728.8,3534
20240508,301131,38.77,38.8,38.88,37.5,37.6,1925033,73152637.07,7479
20240508,301132,21.38,21.43,21.43,20.78,20.82,1642051,34557230.3,5107
20240508,301133,23.62,23.59,23.81,23.12,23.12,1887086,44193475.18,7808
20240508,301135,20.39,20.4,20.44,19.9,19.94,1035145,20817369.04,2966
20240508,301136,10.82,10.59,10.76,10.33,10.53,9078951,95292510.66,8108
20240508,301137,14.77,14.77,14.95,14.6,14.69,2066400,30463140.17,5429
20240508,301138,26.48,26.1,26.39,25.62,25.76,1825300,47358437.45,5767
20240508,301139,24.87,24.85,24.85,24.0,24.12,3015613,73404522.2,9228
20240508,301141,45.33,44.7,47.98,44.28,45.99,4469544,207018345.8,11767
20240508,301148,19.32,19.22,19.22,18.72,18.86,2334505,44096967.89,4710
20240508,301149,11.58,11.52,11.68,11.34,11.38,5614100,64379485.56,12536
20240508,301150,28.28,28.68,28.7,27.74,27.82,1758158,49414299.68,5562
20240508,301151,16.44,16.37,16.42,15.96,15.99,3622206,58388398.12,7815
20240508,301152,25.18,25.18,25.78,24.65,24.68,2094434,52592567.22,6434
20240508,301153,56.34,55.97,56.59,55.24,55.44,2787978,154943837.9,11710
20240508,301155,50.6,50.58,50.92,49.2,49.3,1535158,76604850.36,6332
20240508,301156,17.47,17.33,19.18,17.02,18.27,6808331,121701101.66,10378
20240508,301157,35.31,35.16,35.3,34.23,34.29,766277,26558092.35,2820
20240508,301158,14.82,14.82,14.95,14.4,14.42,3690154,53592549.38,4271
20240508,301159,32.49,33.21,37.09,32.42,34.12,7296907,250526459.56,20803
20240508,301160,44.21,44.0,44.58,43.6,43.7,1666899,73486810.2,5609
20240508,301161,17.7,17.49,17.8,17.28,17.35,2199400,38513713.0,5922
20240508,301162,42.56,42.95,45.99,42.01,44.2,2802030,124221927.8,10375
20240508,301163,23.4,23.76,27.5,23.6,24.87,11089725,282105258.35,20502
20240508,301165,34.46,34.25,34.48,33.5,33.62,2104405,71234714.23,8398
20240508,301166,32.34,34.48,38.3,34.47,36.89,7772841,281472324.27,15187
20240508,301167,13.22,13.1,13.1,12.62,12.63,4499660,57418866.4,5045
20240508,301168,33.47,33.37,34.18,32.85,32.87,2901469,96935060.55,8334
20240508,301169,34.01,34.01,35.02,33.21,33.35,2490865,84652138.38,8604
20240508,301171,17.54,17.18,17.3,16.73,16.75,15065309,255259057.82,27520
20240508,301175,5.04,5.03,5.03,4.95,4.97,16574700,82551483.0,12535
20240508,301176,12.44,12.44,12.49,12.05,12.16,890046,10874632.9,2389
20240508,301177,25.22,25.2,25.2,24.77,24.85,1017303,25410274.0,4311
20240508,301179,22.49,22.68,23.06,22.36,22.85,2921535,66616251.71,6217
20240508,301180,14.04,13.97,14.16,13.82,13.86,1779923,24879592.3,7305
20240508,301181,22.28,22.29,22.48,21.8,21.88,1042078,22976156.94,4054
20240508,301182,16.9,17.07,17.09,16.16,16.24,944900,15615583.0,3427
20240508,301183,44.24,43.86,44.12,42.66,42.92,4155506,179789154.69,15266
20240508,301185,17.88,17.86,17.86,17.08,17.2,4306056,74800523.4,8886
20240508,301187,22.54,22.34,22.5,21.8,21.94,4400594,97110517.0,9854
20240508,301188,17.55,17.7,17.7,17.16,17.4,5847668,101580458.2,13676
20240508,301189,21.87,21.8,21.95,21.5,21.55,519900,11268197.0,1837
20240508,301190,18.79,18.57,19.58,18.14,18.88,3546601,66798264.58,5367
20240508,301191,77.21,76.73,76.88,74.61,74.86,1357306,102446108.3,6582
20240508,301192,16.54,16.21,16.38,15.85,15.9,1311947,21058699.89,3798
20240508,301193,20.94,20.94,21.35,20.67,21.0,933211,19678827.64,2239
20240508,301195,36.82,36.51,37.0,35.1,35.3,1449732,51981499.92,4979
20240508,301196,30.43,30.43,30.66,30.12,30.16,497900,15063451.0,2156
20240508,301197,13.93,13.93,13.97,13.4,13.68,2345206,32074530.22,5215
20240508,301198,9.3,9.27,9.33,9.04,9.07,1997961,18262511.02,4918
20240508,301199,25.67,25.3,25.98,24.69,25.0,4705584,119167879.76,7854
20240508,301200,35.05,35.0,35.28,34.62,34.69,589752,20604921.76,3150
20240508,301201,21.07,21.16,23.07,20.82,22.02,6977219,152184529.02,15872
20240508,301205,82.42,81.7,81.81,79.51,79.65,2320499,186694252.5,10920
20240508,301206,31.7,30.7,32.02,30.69,31.65,5186432,162743647.18,13393
20240508,301207,22.62,22.62,23.08,22.48,22.78,3575191,81420762.1,12756
20240508,301208,30.61,30.51,30.51,29.56,29.67,1307995,39131681.7,4818
20240508,301209,30.08,28.78,35.85,28.2,35.35,17214733,537185899.14,31638
20240508,301211,18.49,18.17,19.39,18.11,19.19,11587819,219132878.03,20927
20240508,301212,25.27,24.79,26.05,24.19,25.65,5172941,129586070.08,7974
20240508,301213,35.08,34.0,34.3,32.68,33.37,3554998,119366432.29,8179
20240508,301215,5.53,5.55,5.67,5.49,5.5,24568900,136892745.0,16878
20240508,301216,12.77,12.78,12.79,12.58,12.59,2464954,31167358.86,5634
20240508,301217,10.67,10.67,10.68,10.44,10.47,2784988,29362873.5,7561
20240508,301218,23.06,23.05,23.05,22.28,22.33,2668604,60199716.89,9795
20240508,301219,46.36,45.5,45.98,44.44,44.46,6688417,300308810.08,18740
20240508,301220,32.0,30.72,35.55,30.68,34.14,7643939,253259375.99,14073
20240508,301221,39.51,39.74,41.28,38.82,39.6,5018100,201526099.64,16484
20240508,301222,24.51,24.74,24.75,24.15,24.18,832853,20284995.84,2848
20240508,301223,15.81,15.79,15.81,15.63,15.63,650311,10215522.58,1952
20240508,301226,17.7,17.54,17.69,17.05,17.25,3865912,66866695.0,5982
20240508,301227,24.94,24.86,24.86,24.23,24.28,707155,17299966.6,1649
20240508,301228,11.75,11.75,12.09,11.47,11.56,3949043,46178846.36,7715
20240508,301229,31.81,31.75,31.75,31.04,31.21,835562,26185234.8,2365
20240508,301230,36.04,35.8,40.0,35.3,38.25,9957152,373851747.07,20800
20240508,301231,18.81,18.66,18.8,18.15,18.36,3078331,56591838.22,7391
20240508,301233,42.52,41.75,42.23,40.67,41.11,2533543,104826674.47,7166
20240508,301234,25.41,25.29,26.23,25.13,25.81,2056997,52901153.45,5133
20240508,301235,20.52,20.21,20.85,20.0,20.39,2807327,57165199.29,5638
20240508,301236,42.88,42.69,42.69,40.6,40.94,35820223,1476527625.42,70860
20240508,301237,23.8,23.54,23.72,22.42,22.75,1117600,25594469.0,2924
20240508,301238,20.59,20.5,20.5,19.68,19.78,18102110,361236998.17,28029
20240508,301239,51.53,51.53,52.26,50.43,50.84,2421527,123868720.0,10902
20240508,301246,16.72,16.65,17.29,16.39,17.11,12261916,206966163.6,22691
20240508,301248,15.07,14.97,14.97,14.4,14.45,5592533,81608266.2,7569
20240508,301255,32.4,32.06,32.07,31.23,31.25,1281300,40495803.0,4812
20240508,301256,7.82,7.69,7.73,7.48,7.55,7811925,59119523.73,11628
20240508,301257,46.75,46.68,48.0,46.0,46.48,1233000,57603722.74,5171
20240508,301258,40.52,37.73,40.99,37.02,40.0,18603339,723015538.88,36880
20240508,301259,22.88,22.87,23.14,22.45,22.79,981990,22526543.7,2505
20240508,301260,15.95,15.9,15.96,15.4,15.43,5613456,87480611.11,11249
20240508,301263,14.42,14.4,14.79,14.22,14.79,6565080,95882616.8,10070
20240508,301265,9.67,9.63,9.71,9.47,9.47,2422300,23173230.09,3844
20240508,301266,38.08,38.04,39.78,37.5,37.84,3929750,151525268.82,9363
20240508,301267,26.99,26.89,27.25,26.43,26.54,3860383,103036774.28,13327
20240508,301268,20.4,20.38,21.7,19.68,19.68,4435423,90602415.65,13325
20240508,301270,27.54,27.54,27.7,26.84,26.92,1647800,44759874.0,4242
20240508,301273,19.05,18.83,19.06,18.31,18.31,865909,16130964.53,2740
20240508,301276,22.24,22.3,22.44,22.04,22.19,625309,13859881.05,1904
20240508,301277,23.38,22.31,24.68,22.31,23.62,17139480,400995952.81,24936
20240508,301278,38.72,38.57,39.31,37.8,37.91,1708569,65782067.95,5153
20240508,301279,18.86,19.03,19.03,18.28,18.33,1070600,19825025.0,2691
20240508,301280,39.46,39.87,39.87,39.03,39.04,1061550,41610819.0,4406
20240508,301282,17.74,17.72,17.78,17.38,17.42,1787300,31341776.0,5561
20240508,301283,33.55,33.28,34.34,33.01,34.26,1450084,48897947.6,4278
20240508,301285,24.33,24.28,24.33,23.4,23.5,3036500,72525441.0,6765
20240508,301286,33.14,32.83,33.77,32.58,32.95,1234900,40771657.0,4450
20240508,301289,42.14,41.96,41.98,40.9,41.1,1164700,48129032.7,3450
20240508,301290,23.12,23.04,23.44,22.89,23.1,1607112,37241783.59,4264
20240508,301296,9.01,8.94,9.33,8.93,9.09,4988045,45604284.2,8524
20240508,301298,14.82,14.82,14.91,14.5,14.52,2013300,29597495.0,5318
20240508,301299,49.0,48.35,48.9,47.14,47.6,2302394,110296586.74,8934
20240508,301300,25.4,25.31,25.31,24.31,24.66,999799,24727482.02,3440
20240508,301301,16.94,16.5,18.33,16.33,17.75,181120067,3133222249.7,204304
20240508,301302,20.22,19.96,20.08,19.4,19.56,5949971,117248736.13,11782
20240508,301303,18.17,18.19,18.26,17.91,17.94,1461364,26414127.98,4055
20240508,301306,31.26,31.5,32.83,30.53,30.93,4377085,138215972.05,13929
20240508,301308,95.21,94.51,96.16,93.56,93.56,5438939,514937405.59,19949
20240508,301309,27.43,27.9,27.92,26.85,27.0,739300,20103157.05,2471
20240508,301311,20.81,20.81,20.84,20.08,20.12,3977627,80904952.85,6886
20240508,301312,55.02,54.57,54.75,52.93,53.18,837200,44855772.5,3784
20240508,301313,23.95,23.97,24.36,23.39,23.57,3707783,88541808.02,8696
20240508,301314,32.44,32.5,32.5,31.52,31.57,398960,12681015.35,1590
20240508,301317,18.24,18.68,18.93,18.06,18.07,682801,12505777.83,1874
20240508,301318,44.6,42.73,42.73,40.18,40.21,7675975,315033112.37,22280
20240508,301319,47.67,47.66,47.8,47.01,47.1,303349,14347392.39,1343
20240508,301321,12.95,12.9,13.13,12.6,12.68,2921548,37601371.64,6539
20240508,301322,33.76,33.51,34.1,33.44,33.74,890429,30078322.96,2797
20240508,301326,29.44,28.93,29.46,28.3,28.48,1794864,51594968.64,5836
20240508,301327,65.09,64.42,65.8,63.91,63.92,792537,51187902.48,4626
20240508,301328,41.3,40.77,40.85,39.33,39.39,1923791,76746940.49,5142
20240508,301330,25.35,25.13,25.19,24.46,24.49,2131690,52781788.7,5855
20240508,301331,41.34,41.5,42.15,41.1,41.3,723290,29935681.9,1969
20240508,301333,48.91,48.77,50.85,47.3,48.67,2313020,113119646.88,8408
20240508,301336,33.69,33.69,33.89,32.96,33.24,356900,11889152.0,1630
20240508,301338,29.45,29.78,29.78,28.72,28.84,1325435,38573259.3,5239
20240508,301339,18.57,18.44,18.5,18.05,18.09,3346900,61050294.0,9116
20240508,301345,73.23,73.16,74.87,71.13,72.52,773896,56432894.36,4313
20240508,301349,33.94,34.21,36.13,33.3,35.65,2381064,83068770.34,8416
20240508,301356,16.62,16.45,16.58,16.12,16.18,743366,12130769.8,2546
20240508,301358,37.16,37.3,37.98,36.74,37.17,8319559,311893131.15,23358
20240508,301359,19.74,19.68,19.98,19.34,19.4,1193529,23355932.94,3093
20240508,301361,18.76,18.78,19.47,18.6,19.03,2795448,53523447.74,6896
20240508,301363,26.15,25.99,26.28,25.41,25.55,1945445,50040886.85,9442
20240508,301365,11.59,11.57,11.65,11.39,11.42,830920,9531403.0,2460
20240508,301366,31.83,31.17,32.5,30.83,32.34,7468130,237141589.84,17685
20240508,301367,91.1,90.04,92.49,88.63,89.05,539300,48512120.0,3106
20240508,301368,48.95,47.47,48.38,46.53,46.85,7564508,358593949.22,21148
20240508,301369,42.8,42.8,43.3,42.0,42.15,899424,38258817.12,3642
20240508,301373,27.02,27.0,27.44,26.48,26.6,1184741,31803225.04,3647
20240508,301377,18.89,18.87,19.03,18.29,18.34,2197958,40840701.37,7149
20240508,301378,33.33,33.33,33.36,32.02,32.2,810950,26393753.5,2996
20240508,301379,25.7,25.7,26.81,24.88,24.95,4151811,106310287.02,8271
20240508,301380,34.67,34.77,34.77,33.67,33.75,1145300,39009452.0,3910
20240508,301386,22.33,22.29,22.78,22.06,22.2,1667911,37322987.31,3173
20240508,301388,20.44,20.31,21.16,20.01,20.43,2241100,46249609.0,4943
20240508,301389,15.22,15.05,15.05,14.33,14.39,5921037,86648869.54,14577
20240508,301391,87.12,86.89,86.95,83.95,84.94,1010840,85974075.22,5807
20240508,301396,20.43,20.39,20.48,19.81,19.86,1520500,30496615.6,4792
20240508,301398,51.86,52.0,52.39,50.08,50.26,2060988,105192927.48,7275
20240508,301408,12.8,12.79,12.99,12.62,12.76,3147200,40310416.0,7911
20240508,301419,28.02,27.89,28.1,27.3,27.36,1021000,28277260.0,3019
20240508,301439,14.21,14.01,14.49,13.89,13.92,5982972,84582779.38,7645
20240508,302132,43.16,42.99,42.99,42.0,42.0,5406646,229105484.19,12380
20240508,600000,7.82,7.81,7.85,7.78,7.8,30377893,237540800.0,30252
20240508,600004,10.42,10.34,10.39,10.3,10.31,13684100,141475318.0,12817
20240508,600006,7.71,7.62,7.62,7.39,7.5,83207604,621231070.0,57341
20240508,600007,23.61,23.53,23.69,23.26,23.33,2155362,50574604.0,9778
20240508,600008,2.9,2.89,2.91,2.87,2.88,51900110,149956902.0,17495
20240508,600009,37.3,37.21,37.38,37.06,37.17,6004002,223147212.0,11370
20240508,600010,1.63,1.62,1.63,1.61,1.61,126173351,203792344.0,12833
20240508,600011,9.23,9.2,9.28,9.13,9.15,64325518,591282973.0,45971
20240508,600015,6.63,6.63,6.7,6.62,6.67,36005932,240282730.0,32402
20240508,600016,3.9,3.9,3.92,3.88,3.88,86251628,336090354.0,33785
20240508,600017,2.87,2.86,2.88,2.84,2.84,22174306,63399878.0,8853
20240508,600018,5.66,5.66,5.73,5.64,5.66,23873800,135673891.0,28552
20240508,600019,6.86,6.84,6.88,6.78,6.84,61148967,417864185.0,47451
20240508,600020,3.8,3.8,3.81,3.75,3.76,10401620,39331053.0,10417
20240508,600021,9.34,9.34,9.45,9.23,9.23,44558506,415976902.0,36112
20240508,600022,1.31,1.31,1.31,1.3,1.3,32367411,42111384.0,5650
20240508,600023,6.22,6.22,6.3,6.13,6.14,62248664,385204151.0,49739
20240508,600025,9.37,9.38,9.51,9.36,9.45,23875634,225538151.0,28447
20240508,600026,16.06,16.0,16.49,15.96,16.34,24584836,400526728.0,32566
20240508,600028,6.37,6.36,6.48,6.34,6.42,126175777,811672485.0,63449
20240508,600029,5.64,5.63,5.67,5.59,5.6,32368085,181850374.0,19020
20240508,600030,19.12,19.03,19.1,18.75,18.78,78310260,1478924663.0,68342
20240508,600031,16.87,16.85,16.91,16.61,16.66,44959408,750039303.0,53504
20240508,600032,7.78,7.8,7.92,7.71,7.72,14829900,115787536.0,22361
20240508,600033,3.39,3.38,3.41,3.37,3.38,16840985,57082315.0,11281
20240508,600035,4.57,4.55,4.61,4.53,4.54,18024400,82256367.0,16771
20240508,600036,34.87,34.82,34.96,34.55,34.57,41286158,1434042865.0,47405
20240508,600037,7.04,7.03,7.05,6.8,6.81,10910618,75198320.0,15428
20240508,600038,44.26,44.03,45.12,43.5,44.58,19284061,860834534.0,41656
20240508,600039,7.34,7.36,7.41,7.32,7.35,21412808,157684646.0,19072
20240508,600048,9.27,9.15,9.18,8.98,8.98,108856807,983331535.0,60638
20240508,600050,4.67,4.66,4.67,4.62,4.64,130560326,606106764.0,56121
20240508,600051,6.09,6.09,6.09,6.0,6.02,2935300,17749223.0,2622
20240508,600052,4.16,4.16,4.32,4.16,4.26,8956765,38081014.0,11173
20240508,600053,15.79,15.64,15.64,15.17,15.2,6504790,99968723.0,13560
20240508,600054,11.95,11.95,11.95,11.72,11.77,7725759,91059121.0,7396
20240508,600055,15.56,15.77,15.77,15.25,15.35,4515600,69537216.0,10569
20240508,600056,11.37,11.38,11.47,11.27,11.29,15010093,170270378.0,16893
20240508,600057,6.86,6.85,6.88,6.74,6.75,14865080,100977373.0,28602
20240508,600058,8.26,8.28,8.29,8.1,8.1,7981901,65207393.0,10974
20240508,600059,9.1,9.08,9.1,8.99,9.02,9126232,82446004.0,16116
20240508,600060,27.64,27.67,27.96,27.2,27.68,5380763,148459118.0,16672
20240508,600061,6.43,6.42,6.43,6.33,6.34,17982590,114443999.0,13994
20240508,600062,23.11,23.0,23.05,22.61,22.88,14612617,333023356.0,49363
20240508,600063,4.42,4.42,4.43,4.31,4.31,21144720,91934747.0,18785
20240508,600064,6.37,6.35,6.35,6.24,6.24,14532630,91312906.0,15552
20240508,600067,2.09,2.09,2.09,2.02,2.02,14617492,29864011.0,10043
20240508,600071,17.91,18.0,18.0,17.42,17.55,2325255,40968100.0,5234
20240508,600072,16.21,16.25,16.25,15.8,15.84,14620900,232152051.0,22632
20240508,600073,6.43,6.42,6.43,6.34,6.37,8140721,51883455.0,10921
20240508,600075,4.22,4.23,4.23,4.14,4.14,7764800,32363322.0,13786
20240508,600076,1.9,1.9,1.91,1.86,1.86,4581700,8614415.0,3549
20240508,600079,20.32,20.3,20.42,19.92,19.98,18083800,362684907.0,39189
20240508,600080,7.21,7.22,7.27,7.08,7.11,3440900,24629886.0,5901
20240508,600082,2.53,2.52,2.55,2.47,2.49,10709400,26804633.0,7395
20240508,600084,5.79,5.78,5.85,5.63,5.68,4726001,27014415.0,8273
20240508,600085,44.93,44.93,45.26,44.47,44.78,9513196,426191290.0,27698
20240508,600088,20.95,20.71,21.5,20.3,21.35,31709389,665011395.0,48532
20240508,600089,14.38,14.36,14.45,14.27,14.3,25253846,362707768.0,26741
20240508,600094,4.16,4.19,4.39,4.03,4.3,92662232,390145001.0,41563
20240508,600096,21.56,21.5,21.89,21.1,21.16,41535579,888078458.0,61253
20240508,600097,9.4,9.4,9.61,9.32,9.37,6192948,58447686.0,9433
20240508,600098,6.58,6.57,6.61,6.53,6.54,20304374,133435478.0,25303
20240508,600099,8.19,8.12,8.21,8.08,8.09,2194900,17825411.0,4239
20240508,600100,6.07,6.06,6.07,5.85,5.86,35679794,210832980.0,26318
20240508,600101,8.51,8.63,9.36,8.56,9.09,50020150,453269372.0,33457
20240508,600103,2.15,2.15,2.17,2.13,2.13,19502882,41861207.0,5019
20240508,600104,14.56,14.51,14.6,14.45,14.55,18876702,274481139.0,28092
20240508,600105,4.62,4.62,4.63,4.52,4.53,18742100,85477941.0,20763
20240508,600106,6.17,6.16,6.29,6.12,6.13,25137762,155187002.0,10512
20240508,600108,2.7,2.71,2.72,2.69,2.7,13040524,35277448.0,6238
20240508,600109,8.79,8.79,8.8,8.62,8.65,20502801,177996493.0,20825
20240508,600110,4.42,4.39,4.39,4.3,4.31,14345200,62242982.0,12830
20240508,600111,20.29,20.18,20.5,19.91,20.23,43634807,882711242.0,59387
20240508,600113,8.34,8.3,8.79,8.26,8.39,15048215,127878029.0,14247
20240508,600115,3.83,3.83,3.85,3.79,3.79,34371815,130852496.0,19600
20240508,600116,7.43,7.44,7.74,7.38,7.53,45265908,342034420.0,32284
20240508,600118,25.38,25.27,25.64,25.0,25.44,16329838,414259631.0,27986
20240508,600119,6.65,6.65,6.65,6.47,6.48,6861500,44818288.0,9871
20240508,600120,3.87,3.85,3.86,3.8,3.81,25148624,96084805.0,13104
20240508,600121,3.65,3.64,3.79,3.62,3.71,38138625,141829543.0,22006
20240508,600123,9.35,9.36,9.8,9.36,9.69,45412682,437879911.0,40567
20240508,600125,6.41,6.36,6.45,6.3,6.31,22176212,141376942.0,22298
20240508,600126,5.13,5.11,5.12,4.98,4.98,20630520,103707711.0,19691
20240508,600127,6.78,6.75,6.87,6.74,6.76,15794300,107329701.0,8321
20240508,600128,7.49,7.47,7.52,7.4,7.41,4887703,36479551.0,5800
20240508,600129,37.78,37.6,37.9,36.91,37.61,9431179,352994819.0,26885
20240508,600131,18.3,18.55,20.12,18.01,19.01,36017752,682423598.0,67358
20240508,600132,73.03,73.03,73.75,72.06,73.24,6645244,484945361.0,24608
20240508,600133,11.67,11.61,11.67,11.31,11.34,27923180,319462333.0,18140
20240508,600135,6.18,6.21,6.21,6.02,6.05,4538000,27627796.0,7908
20240508,600137,14.23,14.23,14.23,13.83,13.84,1567401,21860476.0,3275
20240508,600138,10.71,10.67,10.69,10.4,10.45,25851419,271471603.0,20385
20240508,600141,24.02,23.81,24.17,23.44,23.68,27295118,647256531.0,41737
20240508,600143,7.65,7.65,7.69,7.55,7.62,16458100,125597491.0,20398
20240508,600148,13.73,13.69,15.1,13.6,14.07,7990900,115036222.0,14688
20240508,600149,3.89,3.91,4.28,3.88,4.09,21888468,90273380.0,13981
20240508,600151,5.19,5.19,5.24,5.11,5.12,10692150,55278730.0,12355
20240508,600152,5.82,5.83,5.83,5.68,5.7,7768900,44472247.0,12583
20240508,600153,10.16,10.16,10.16,10.01,10.03,20903017,210144417.0,21322
20240508,600155,7.36,7.33,7.35,7.21,7.24,29709200,215658271.0,21854
20240508,600158,9.28,9.21,9.42,9.12,9.13,29218906,269978868.0,33675
20240508,600159,2.75,2.65,2.67,2.56,2.56,49778507,129478105.0,17780
20240508,600160,25.24,25.01,25.28,24.7,24.86,26244434,653340598.0,44887
20240508,600161,29.91,30.1,30.48,29.98,30.01,11610008,350780816.0,34274
20240508,600162,1.61,1.6,1.6,1.55,1.56,26272840,41335032.0,7836
20240508,600163,4.6,4.59,4.66,4.56,4.59,10284300,47336180.0,11351
20240508,600166,2.65,2.64,2.65,2.59,2.59,88748702,231595450.0,32800
20240508,600167,6.13,6.12,6.19,6.07,6.09,8721500,53405578.0,13401
20240508,600169,2.2,2.2,2.2,2.16,2.16,20237300,44062278.0,9846
20240508,600170,2.39,2.39,2.39,2.35,2.35,79902642,189215822.0,29228
20240508,600171,12.64,12.6,12.65,12.38,12.41,5460670,68234338.0,12241
20240508,600173,4.38,4.33,4.36,4.22,4.25,8071000,34541374.0,9433
20240508,600176,12.83,12.74,12.82,12.5,12.51,38779467,488881606.0,37461
20240508,600177,7.95,7.96,7.98,7.88,7.88,14116077,111720180.0,20476
20240508,600178,11.6,11.4,11.88,10.98,11.52,51001274,586791420.0,69239
20240508,600180,4.79,4.77,5.14,4.76,4.82,20883550,101778376.0,22373
20240508,600183,20.43,20.4,20.4,19.91,19.97,25602626,515614303.0,53308
20240508,600184,9.97,9.94,10.0,9.81,9.84,4540992,44914851.0,9066
20240508,600185,5.82,5.83,5.83,5.63,5.66,14542862,82681027.0,13980
20240508,600186,4.47,4.46,4.47,4.35,4.36,48440200,212848152.0,31773
20240508,600187,2.26,2.26,2.26,2.23,2.24,10103400,22652782.0,2950
20240508,600188,23.75,23.85,24.96,23.78,24.65,53929104,1324296699.0,74067
20240508,600189,8.5,8.49,8.49,8.27,8.37,8019951,67130036.0,10884
20240508,600192,4.39,4.39,4.4,4.29,4.3,3928800,16996497.0,4078
20240508,600195,9.06,9.05,9.12,9.01,9.05,11289799,102315715.0,18015
20240508,600196,24.19,24.19,24.62,24.08,24.17,13420448,326157457.0,28300
20240508,600197,21.39,21.37,21.47,21.16,21.19,4952769,105408033.0,14770
20240508,600198,5.8,5.81,5.82,5.65,5.68,8514821,48618953.0,10743
20240508,600199,15.82,15.75,15.98,15.5,15.51,12422772,194818604.0,20516
20240508,600201,9.23,9.17,9.55,9.16,9.48,34896592,329168258.0,40983
20240508,600202,4.91,4.86,5.02,4.8,4.83,12861810,63005813.0,9665
20240508,600203,6.36,6.38,7.0,6.17,7.0,91922060,619144856.0,54674
20240508,600206,9.92,9.91,9.91,9.72,9.75,11826321,115805657.0,21556
20240508,600207,4.5,4.53,4.65,4.38,4.41,24257304,108959796.0,28524
20240508,600208,2.16,2.15,2.16,2.11,2.12,45877100,97503179.0,13234
20240508,600210,6.3,6.26,6.26,6.1,6.13,52469610,323795199.0,36476
20240508,600211,40.4,40.06,41.1,39.45,39.65,6998404,280366793.0,20236
20240508,600212,6.39,6.39,6.43,6.27,6.29,5147348,32580800.0,6977
20240508,600215,9.59,9.52,9.54,9.27,9.3,13982036,131213040.0,15634
20240508,600216,11.02,10.98,11.12,10.79,10.83,21965322,239616052.0,33327
20240508,600217,4.7,4.7,4.71,4.59,4.6,10467600,48505052.0,9744
20240508,600218,7.92,7.92,7.95,7.81,7.83,6011000,47375222.0,7886
20240508,600219,3.65,3.63,3.63,3.55,3.59,114964059,412952781.0,52405
20240508,600221,1.39,1.39,1.39,1.38,1.38,54235952,75089926.0,7573
20240508,600222,5.22,5.22,5.3,5.17,5.27,16743870,87883974.0,18868
20240508,600223,8.75,8.68,9.04,8.61,8.91,38070584,336732559.0,41765
20240508,600227,1.93,2.12,2.12,2.12,2.12,21203779,44952011.0,5542
20240508,600229,7.7,7.66,7.74,7.52,7.56,8222900,62513386.0,11821
20240508,600230,12.03,11.76,11.97,11.57,11.64,15142682,177103803.0,19025
20240508,600231,1.7,1.7,1.71,1.67,1.68,6946490,11725519.0,2586
20240508,600232,4.96,4.97,4.98,4.87,4.88,4611600,22676343.0,6464
20240508,600233,16.16,16.15,16.2,15.79,15.8,10306749,164290557.0,22332
20240508,600235,5.34,5.34,5.34,5.21,5.29,6491400,34261586.0,10133
20240508,600236,6.43,6.44,6.53,6.4,6.5,12305993,79749967.0,15570
20240508,600237,5.8,5.8,5.83,5.7,5.71,9930652,57175616.0,13685
20240508,600246,7.65,7.6,7.61,7.4,7.43,15908600,119040883.0,11951
20240508,600248,4.03,4.03,4.04,3.99,4.0,18848541,75587062.0,16112
20240508,600249,4.67,4.67,4.69,4.58,4.6,6401209,29570176.0,10433
20240508,600251,8.89,8.87,9.0,8.83,8.93,10744424,95832239.0,10422
20240508,600252,2.46,2.47,2.5,2.44,2.47,40694400,100734426.0,19457
20240508,600255,1.93,1.93,1.93,1.89,1.9,24029723,45879062.0,11997
20240508,600256,7.69,7.69,7.82,7.66,7.78,96023649,746548968.0,47850
20240508,600257,5.91,5.96,6.19,5.91,6.1,65933362,400515408.0,52078
20240508,600258,15.13,15.11,15.13,14.74,14.89,20852000,311607461.0,22259
20240508,600259,29.45,29.4,29.83,28.88,29.11,3867389,113156874.0,11725
20240508,600261,3.23,3.22,3.24,3.19,3.2,6661600,21417466.0,7198
20240508,600262,18.97,18.7,18.88,18.2,18.28,5848490,107659785.0,7940
20240508,600266,3.97,3.95,3.96,3.83,3.83,45407981,175559986.0,25897
20240508,600267,8.46,8.48,8.6,8.41,8.54,18681202,159134142.0,25016
20240508,600268,6.89,6.89,6.92,6.79,6.79,10972320,75123312.0,14137
20240508,600269,4.82,4.79,4.86,4.76,4.79,15065893,72522878.0,16867
20240508,600271,8.6,8.58,8.59,8.46,8.46,16433042,139521702.0,20419
20240508,600272,10.51,10.46,10.77,10.46,10.66,9182201,97652804.0,16238
20240508,600273,8.04,8.02,8.05,7.95,7.96,7899800,63092171.0,12814
20240508,600276,47.23,47.26,47.37,46.25,46.42,26129151,1217234952.0,92808
20240508,600278,6.21,6.19,6.23,6.11,6.15,4781088,29457190.0,8106
20240508,600279,4.08,4.08,4.1,4.04,4.06,8823700,35911599.0,6327
20240508,600280,2.75,2.77,2.84,2.72,2.8,23435800,65312098.0,14720
20240508,600281,3.37,3.37,3.37,3.3,3.31,7257100,24156005.0,5741
20240508,600283,13.65,13.56,13.66,13.48,13.51,4373351,59274377.0,3970
20240508,600284,6.17,6.14,6.18,6.06,6.07,9088400,55493364.0,12745
20240508,600285,26.75,25.68,25.68,24.45,25.09,32859721,820076613.0,44947
20240508,600288,8.22,8.2,8.2,8.06,8.07,5718971,46404837.0,9004
20240508,600293,2.93,2.95,2.98,2.91,2.93,14214850,41852924.0,9355
20240508,600295,11.76,11.75,12.14,11.74,12.01,13879360,166139394.0,24225
20240508,600298,30.77,30.8,32.86,30.46,32.03,31081203,989912845.0,57773
20240508,600299,10.18,10.2,10.22,10.06,10.15,10825474,109704525.0,23141
20240508,600300,3.02,3.02,3.04,2.99,3.01,14521801,43782644.0,10450
20240508,600301,17.52,17.41,18.03,17.23,17.52,14572766,256970155.0,20523
20240508,600302,4.26,4.27,4.34,4.22,4.24,7475600,31955191.0,7486
20240508,600305,8.35,8.38,8.39,8.22,8.25,6328112,52412308.0,9521
20240508,600307,1.32,1.32,1.33,1.31,1.32,19884200,26242097.0,1845
20240508,600308,3.77,3.76,3.78,3.69,3.7,9908944,36900412.0,11332
20240508,600309,91.96,91.97,92.3,90.46,90.87,9070595,824370879.0,36482
20240508,600310,3.29,3.29,3.4,3.28,3.34,28058136,94170473.0,16049
20240508,600312,14.62,14.61,14.76,14.32,14.54,23207026,337398431.0,44333
20240508,600313,6.88,6.92,6.92,6.82,6.89,10853800,74628408.0,10091
20240508,600315,21.95,22.18,22.18,21.6,21.65,7828187,170546248.0,19852
20240508,600316,19.02,18.94,19.59,18.72,19.13,13744076,264129748.0,27373
20240508,600318,6.82,6.76,6.8,6.6,6.61,23758756,158519384.0,15264
20240508,600319,4.39,4.35,4.46,4.28,4.3,9800701,42670971.0,9070
20240508,600320,3.75,3.75,3.76,3.67,3.68,28006299,103618335.0,22543
20240508,600323,18.5,18.5,18.65,18.35,18.45,6158360,113808096.0,16423
20240508,600325,6.38,6.31,6.33,6.03,6.06,90810319,557556270.0,75478
20240508,600326,4.58,4.54,4.6,4.29,4.37,100612744,446142515.0,65380
20240508,600327,4.08,4.08,4.12,4.03,4.08,13369055,54504631.0,13290
20240508,600328,8.16,8.15,8.19,8.06,8.08,14223052,115442037.0,22186
20240508,600329,35.49,35.18,35.45,34.61,34.96,6203698,216899381.0,16456
20240508,600330,7.58,7.59,7.59,7.4,7.41,13461160,100419353.0,17026
20240508,600332,32.41,32.42,32.67,32.0,32.17,6739419,217146278.0,20903
20240508,600333,4.19,4.2,4.23,4.16,4.18,5203500,21811262.0,8178
20240508,600335,7.3,7.29,7.29,7.16,7.17,8945600,64485870.0,12266
20240508,600336,5.09,5.09,5.11,5.02,5.03,7418768,37540872.0,9397
20240508,600337,2.37,2.38,2.38,2.29,2.3,9984300,23140037.0,3094
20240508,600338,10.27,10.22,10.85,10.2,10.5,45436980,480616088.0,49994
20240508,600339,3.41,3.39,3.41,3.31,3.33,48741968,163708993.0,25940
20240508,600340,1.25,1.23,1.23,1.17,1.18,73870609,88212340.0,14450
20240508,600343,8.38,8.36,8.4,8.18,8.2,5124854,42408519.0,7514
20240508,600345,18.69,18.57,18.6,18.05,18.08,2936505,53694271.0,5333
20240508,600346,15.9,15.85,15.98,15.72,15.84,16330784,258666667.0,23798
20240508,600348,9.69,9.69,9.92,9.68,9.8,42346376,416554889.0,37371
20240508,600350,8.64,8.65,8.77,8.59,8.77,12662120,110288251.0,21233
20240508,600351,6.69,6.69,6.76,6.64,6.72,19383451,129749381.0,17041
20240508,600352,9.42,9.47,9.66,9.31,9.33,38964447,368770049.0,32833
20240508,600353,6.84,6.86,6.88,6.7,6.71,9278584,62669495.0,10191
20240508,600354,5.54,5.57,5.57,5.51,5.54,7020100,38896924.0,8856
20240508,600359,6.37,6.36,6.43,6.35,6.38,4255305,27185923.0,6783
20240508,600361,4.35,4.33,4.38,4.27,4.29,26788000,115909739.0,24045
20240508,600362,25.75,25.47,25.84,25.19,25.45,23665468,604026176.0,35980
20240508,600363,31.46,31.36,31.39,30.58,30.89,6263400,193383384.0,10737
20240508,600365,2.74,2.74,2.88,2.73,2.88,2913244,8318247.0,801
20240508,600366,6.29,6.32,6.34,6.17,6.18,9683021,60345499.0,18272
20240508,600367,13.1,12.91,13.6,12.75,13.4,44234482,588048757.0,53344
20240508,600368,4.69,4.67,4.72,4.64,4.69,21494717,100593672.0,16158
20240508,600369,3.97,3.97,3.97,3.92,3.92,28369999,111765730.0,15748
20240508,600370,2.01,2.02,2.04,2.01,2.02,8867975,17955470.0,7187
20240508,600371,8.29,8.28,8.36,8.24,8.31,3442783,28588417.0,7282
20240508,600372,12.59,12.57,12.59,12.41,12.42,39098283,487368568.0,38686
20240508,600376,2.74,2.71,2.73,2.62,2.63,14545900,38652047.0,9311
20240508,600377,11.45,11.45,11.56,11.38,11.5,7104700,81702990.0,15075
20240508,600378,32.68,32.68,32.76,31.41,31.73,3457700,110405544.0,10335
20240508,600379,8.94,8.98,9.05,8.81,8.93,3747420,33587919.0,5762
20240508,600380,12.72,12.72,12.89,12.64,12.7,12952120,165080797.0,27187
20240508,600383,3.91,3.85,3.88,3.67,3.69,151279877,566512655.0,43750
20240508,600386,3.49,3.48,3.48,3.4,3.4,7486400,25628173.0,9155
20240508,600389,18.14,18.35,18.37,17.17,17.21,16499175,290277458.0,19289
20240508,600390,4.6,4.59,4.6,4.52,4.53,24774569,112858699.0,18629
20240508,600391,17.16,17.12,17.22,16.9,16.92,4773000,81229394.0,11232
20240508,600392,10.17,10.1,10.65,10.01,10.43,54426760,562979097.0,48309
20240508,600395,6.04,6.05,6.14,6.04,6.06,19071775,116132320.0,19290
20240508,600397,2.26,2.26,2.29,2.25,2.25,12072800,27359213.0,4473
20240508,600398,9.12,9.15,9.23,9.0,9.16,20699380,189403029.0,30000
20240508,600399,6.48,6.47,6.9,6.44,6.78,116407855,780717411.0,91461
20240508,600400,2.69,2.67,2.69,2.64,2.64,11813389,31438771.0,11426
20240508,600403,3.11,3.11,3.15,3.08,3.09,8244000,25718193.0,12418
20240508,600405,4.24,4.22,4.25,4.16,4.17,7454565,31298856.0,7692
20240508,600406,23.23,22.95,23.24,22.87,22.95,34769573,800887065.0,62490
20240508,600408,2.08,2.07,2.11,2.06,2.06,12840270,26683149.0,4242
20240508,600409,5.79,5.75,5.81,5.67,5.68,30455728,174377250.0,25592
20240508,600410,5.11,5.1,5.1,4.94,4.96,13382080,66873757.0,12654
20240508,600415,8.77,8.73,8.75,8.42,8.43,38411754,328307654.0,37538
20240508,600416,12.96,12.91,12.96,12.61,12.63,11673503,148863916.0,12796
20240508,600418,15.3,15.16,15.51,14.86,15.17,50080713,761739251.0,65070
20240508,600419,9.73,9.72,9.79,9.66,9.67,3436600,33359846.0,3860
20240508,600420,11.89,11.8,11.86,11.58,11.74,21997021,257658354.0,37113
20240508,600422,23.78,23.92,23.92,23.09,23.15,6473486,150904348.0,15816
20240508,600423,3.03,3.03,3.06,2.96,2.99,7630200,22879251.0,7862
20240508,600425,3.72,3.72,3.72,3.65,3.66,15498000,57060422.0,8002
20240508,600426,31.21,31.22,31.9,30.29,30.4,22287618,686507696.0,53886
20240508,600428,6.34,6.34,6.39,6.3,6.36,25933173,164499922.0,18151
20240508,600429,4.52,4.49,4.52,4.43,4.45,4535500,20254180.0,8717
20240508,600433,3.08,3.07,3.09,3.05,3.07,7300080,22418649.0,8644
20240508,600435,8.75,8.71,8.72,8.55,8.57,21360000,183799557.0,23294
20240508,600436,242.98,242.98,244.0,240.0,240.24,1581687,381740886.0,9851
20240508,600438,22.38,22.38,22.48,22.18,22.3,28798559,642756221.0,41960
20240508,600439,2.46,2.44,2.46,2.41,2.43,19096581,46436873.0,8933
20240508,600444,14.12,14.12,15.09,13.84,14.33,12792608,183870791.0,16552
20240508,600448,2.52,2.51,2.53,2.46,2.47,11250938,28032618.0,8426
20240508,600449,15.38,15.3,15.4,14.8,14.85,6601055,99242889.0,14319
20240508,600452,14.11,14.12,14.43,14.11,14.29,15442271,220542423.0,17481
20240508,600456,28.44,28.41,28.41,27.57,27.68,8031442,223729636.0,18481
20240508,600458,12.34,12.34,12.34,11.9,11.98,8797875,106094431.0,16359
20240508,600459,15.36,15.31,15.33,15.0,15.07,7489952,113253925.0,17401
20240508,600460,19.79,19.8,19.85,19.32,19.45,8734142,170523720.0,21788
20240508,600461,10.64,10.62,10.74,10.56,10.58,5885579,62542777.0,12497
20240508,600463,7.9,7.94,8.18,7.81,8.04,5872111,46908669.0,8181
20240508,600467,2.03,2.02,2.03,2.0,2.01,13018200,26242191.0,5338
20240508,600468,4.83,4.82,4.83,4.74,4.75,12263863,58572530.0,13332
20240508,600469,6.19,6.18,6.18,6.01,6.02,11124500,67480195.0,8809
20240508,600475,10.4,10.42,10.53,10.29,10.33,7098692,73850108.0,14746
20240508,600476,14.16,14.16,14.16,13.83,13.86,2966001,41443384.0,7097
20240508,600477,2.82,2.82,2.82,2.76,2.76,13693099,38072912.0,8864
20240508,600478,4.41,4.43,4.43,4.28,4.29,28085600,122048264.0,21634
20240508,600480,11.62,11.62,11.69,11.25,11.31,38431498,439229186.0,59472
20240508,600481,6.39,6.38,6.38,6.2,6.21,24366800,152803528.0,22236
20240508,600483,9.83,9.85,9.9,9.77,9.79,11858367,116509827.0,20919
20240508,600486,66.53,69.8,70.89,65.4,65.4,5068146,339676974.0,17750
20240508,600487,13.85,13.84,13.96,13.71,13.84,34777503,481748374.0,40012
20240508,600488,4.19,4.2,4.46,4.13,4.35,19139201,81805624.0,18722
20240508,600489,13.36,13.23,13.59,13.1,13.44,42305031,565834113.0,56607
20240508,600490,3.58,3.49,3.58,3.37,3.44,155344179,538008678.0,35894
20240508,600493,5.32,5.31,5.35,5.25,5.26,5872400,31021540.0,5718
20240508,600495,3.69,3.68,3.69,3.63,3.63,8372236,30593894.0,4326
20240508,600496,2.87,2.86,2.87,2.81,2.81,15648300,44326283.0,7713
20240508,600497,5.8,5.76,5.82,5.67,5.73,80109090,459999661.0,44552
20240508,600498,17.51,17.43,17.79,17.26,17.45,23071386,404888756.0,34160
20240508,600499,10.17,10.15,10.16,9.96,9.99,10774400,108085671.0,16543
20240508,600500,4.35,4.35,4.38,4.27,4.29,20382806,87933105.0,18008
20240508,600501,12.28,12.2,12.39,12.0,12.02,5457834,66531212.0,7491
20240508,600502,4.93,4.95,5.0,4.9,4.9,37957121,187549042.0,27967
20240508,600503,2.25,2.25,2.25,2.18,2.18,18058125,39863238.0,11344
20240508,600505,9.06,9.18,9.97,9.16,9.97,26961544,261678444.0,19265
20240508,600506,14.11,13.7,13.93,13.3,13.37,18208700,245435316.0,24841
20240508,600507,4.23,4.24,4.24,4.18,4.19,14641034,61514461.0,13638
20240508,600508,14.44,14.45,14.66,14.41,14.5,6037960,87946005.0,11858
20240508,600509,5.82,5.82,5.88,5.76,5.76,16725600,97255653.0,8926
20240508,600510,4.71,4.66,4.67,4.54,4.55,8879700,40772856.0,11689
20240508,600511,36.13,35.97,36.09,35.26,35.26,5453600,194143366.0,23075
20240508,600512,2.18,2.18,2.18,2.14,2.15,9191810,19850517.0,4605
20240508,600513,9.69,9.67,9.95,9.61,9.84,13469500,132139448.0,21990
20240508,600515,3.52,3.52,3.52,3.43,3.44,32051841,111123665.0,15015
20240508,600516,5.36,5.36,5.36,5.22,5.23,32035432,168945971.0,24373
20240508,600517,4.92,4.92,4.92,4.85,4.86,13453146,65709796.0,18596
20240508,600519,1770.0,1769.69,1769.97,1755.67,1763.97,1476909,2603293863.0,11632
20240508,600521,17.79,17.81,17.96,17.55,17.61,15993858,282842471.0,31112
20240508,600522,13.84,13.83,14.17,13.65,13.94,75002991,1048611088.0,74511
20240508,600523,11.82,11.8,11.8,11.48,11.51,6133400,71243503.0,12302
20240508,600526,4.75,4.74,4.76,4.69,4.7,6419506,30284955.0,10232
20240508,600527,1.68,1.67,1.69,1.65,1.66,6925520,11548981.0,2767
20240508,600528,8.06,8.03,8.05,7.91,7.92,14052062,111868100.0,13825
20240508,600529,28.44,28.44,28.83,28.35,28.55,7632726,218586704.0,26472
20240508,600531,6.82,6.79,7.02,6.67,6.89,50791841,347932293.0,44553
20240508,600533,2.3,2.28,2.29,2.21,2.21,10631144,23778319.0,7089
20240508,600536,30.66,30.53,30.53,30.05,30.11,11333731,342312984.0,24208
20240508,600537,3.52,3.53,3.54,3.47,3.48,20819922,72681608.0,15539
20240508,600538,4.69,4.73,4.78,4.64,4.71,6729600,31710290.0,5799
20240508,600545,2.02,2.01,2.03,1.95,1.95,17628201,34814443.0,8963
20240508,600546,14.76,15.0,15.14,14.83,15.02,49944573,750238330.0,52903
20240508,600547,29.45,29.32,30.13,29.0,29.89,26501297,787613614.0,66089
20240508,600548,10.2,10.19,10.3,10.15,10.24,3706852,37947969.0,9867
20240508,600549,19.85,19.7,19.75,19.16,19.33,24458190,472955601.0,43249
20240508,600550,4.33,4.33,4.37,4.23,4.23,12597307,53967765.0,15296
20240508,600551,11.96,11.9,11.92,11.55,11.59,7740761,90239039.0,12083
20240508,600552,11.23,11.11,11.21,10.66,10.75,16152449,174687910.0,24628
20240508,600556,4.62,4.61,4.62,4.47,4.48,22108800,99833885.0,21971
20240508,600557,20.11,20.16,20.16,19.8,19.85,5842400,116483365.0,17109
20240508,600558,4.26,4.22,4.27,4.1,4.19,21792653,91081291.0,11052
20240508,600559,22.16,22.16,22.73,22.0,22.25,25063494,559638154.0,45108
20240508,600560,15.73,15.73,15.73,15.13,15.2,5496300,84404201.0,8254
20240508,600561,4.54,4.54,4.64,4.47,4.48,5169308,23415623.0,6420
20240508,600562,14.48,14.41,14.47,14.18,14.23,9445694,134717121.0,15221
20240508,600563,98.32,98.4,98.49,95.3,95.4,1439810,138631000.0,8187
20240508,600566,42.11,42.12,42.31,41.3,41.4,6316683,263811521.0,25217
20240508,600567,1.88,1.87,1.88,1.85,1.85,22858602,42549212.0,8154
20240508,600568,1.61,1.64,1.67,1.59,1.61,14595145,23843957.0,1517
20240508,600569,1.75,1.75,1.75,1.72,1.72,10311241,17809517.0,2910
20240508,600570,21.28,21.14,21.14,20.72,20.79,28968178,604966270.0,44541
20240508,600571,11.66,11.64,11.66,11.06,11.07,33200219,373083989.0,41310
20240508,600572,5.07,5.05,5.12,5.03,5.08,41804489,212291764.0,28720
20240508,600573,10.07,10.01,10.5,9.9,10.05,10710991,108002785.0,10751
20240508,600576,5.59,5.58,5.58,5.46,5.47,6986415,38417093.0,8675
20240508,600577,4.72,4.69,4.7,4.56,4.58,51513800,236841463.0,39251
20240508,600578,3.41,3.41,3.46,3.38,3.38,28621600,97678966.0,22227
20240508,600579,6.35,6.32,6.36,6.16,6.18,9030400,56380778.0,14422
20240508,600580,15.69,15.33,15.69,14.94,15.17,100206714,1535380547.0,109010
20240508,600581,3.07,3.05,3.06,3.02,3.02,10546605,31990028.0,6779
20240508,600582,7.45,7.48,7.5,7.38,7.42,21317196,158623405.0,33821
20240508,600583,6.39,6.37,6.41,6.22,6.26,39750331,250940815.0,31519
20240508,600585,23.21,23.13,23.67,23.1,23.22,19960534,466565706.0,31264
20240508,600586,6.41,6.41,6.41,6.3,6.31,13507036,85700312.0,16446
20240508,600587,23.8,23.73,23.9,23.39,23.45,6136750,144618092.0,18579
20240508,600588,11.81,11.72,11.85,11.55,11.58,16746400,195117756.0,25023
20240508,600592,10.83,10.8,10.85,10.53,10.6,18138232,193067286.0,18725
20240508,600593,20.95,20.85,20.88,20.18,20.24,5081000,103553089.0,10299
20240508,600594,4.24,4.25,4.29,4.19,4.24,9084304,38543185.0,10833
20240508,600595,3.24,3.22,3.26,3.17,3.2,52414110,168574060.0,28483
20240508,600596,9.49,9.49,9.53,9.22,9.25,17449648,162742845.0,23392
20240508,600597,9.05,9.04,9.07,8.98,9.01,11282745,101740324.0,13740
20240508,600598,13.38,13.38,13.56,13.32,13.47,12918101,173655867.0,21749
20240508,600600,86.71,86.66,87.71,86.4,86.8,4848724,421757772.0,17544
20240508,600602,13.18,13.11,13.12,12.61,12.65,28690701,366464591.0,38961
20240508,600604,4.07,4.07,4.07,3.94,3.95,9450603,37638424.0,9502
20240508,600605,29.74,30.0,30.18,28.3,28.75,6388622,185338425.0,10326
20240508,600606,1.86,1.85,1.86,1.79,1.8,55105697,100181494.0,14200
20240508,600609,4.7,4.7,4.7,4.6,4.66,7594600,35346829.0,8584
20240508,600610,5.89,5.78,5.97,5.57,5.67,47187868,270652572.0,46398
20240508,600611,2.82,2.95,3.1,2.93,3.1,92193301,280748909.0,18275
20240508,600612,75.66,75.47,77.16,75.0,77.03,2340316,179005216.0,12593
20240508,600613,6.74,6.75,6.83,6.71,6.79,8006400,54355881.0,12842
20240508,600615,11.4,11.5,11.5,11.05,11.14,2876901,32133939.0,4530
20240508,600616,5.69,5.7,5.71,5.6,5.61,4293000,24203167.0,5201
20240508,600617,3.85,3.84,3.9,3.8,3.86,15926600,61163366.0,10656
20240508,600618,10.02,9.97,10.14,9.86,9.89,10674911,106281329.0,21035
20240508,600619,5.9,5.89,5.89,5.78,5.78,6414400,37348286.0,8536
20240508,600620,5.55,5.51,5.66,5.42,5.44,5857700,32289989.0,9668
20240508,600621,14.24,14.14,14.17,13.91,13.94,18905311,265060785.0,21002
20240508,600622,2.31,2.28,2.28,2.2,2.21,17963479,40177243.0,4751
20240508,600623,7.13,7.23,7.24,7.04,7.07,31033172,220692448.0,31093
20240508,600624,4.21,4.22,4.31,4.15,4.19,5208900,21934847.0,9944
20240508,600626,2.97,2.89,3.04,2.89,2.97,6124000,18234483.0,5918
20240508,600628,6.3,6.3,6.32,6.24,6.26,2256900,14181870.0,5356
20240508,600629,5.36,5.33,5.35,5.18,5.2,27441600,143493070.0,18672
20240508,600630,9.15,9.1,9.13,8.88,8.92,22004629,197087058.0,31151
20240508,600633,10.27,10.21,10.26,9.98,10.0,16578776,166613392.0,14885
20240508,600635,2.95,2.96,3.0,2.93,2.95,22791586,67509214.0,9120
20240508,600637,6.93,6.9,6.92,6.78,6.79,25733884,175436498.0,24630
20240508,600638,4.56,4.52,4.54,4.32,4.4,15950498,70091257.0,16392
20240508,600639,11.55,11.46,11.49,11.23,11.25,9306800,105389964.0,13846
20240508,600640,12.79,12.71,12.76,12.33,12.34,12713840,158228046.0,20333
20240508,600642,8.47,8.49,8.57,8.35,8.37,20230351,170482312.0,25183
20240508,600643,4.53,4.51,4.54,4.44,4.44,7856638,35208203.0,13151
20240508,600644,6.13,6.12,6.5,6.09,6.42,23401357,149043555.0,17881
20240508,600645,18.07,19.88,19.88,19.88,19.88,5453147,108408562.0,4597
20240508,600648,9.54,9.5,9.53,9.37,9.41,5044870,47502622.0,7745
20240508,600649,3.58,3.57,3.57,3.48,3.5,14081748,49591417.0,12841
20240508,600650,8.04,8.12,8.69,8.1,8.13,8815502,72781097.0,12584
20240508,600651,3.15,3.15,3.16,3.11,3.12,7666105,24013643.0,10127
20240508,600653,1.45,1.46,1.46,1.43,1.44,8866614,12772566.0,2276
20240508,600655,5.98,5.96,5.97,5.89,5.9,11377261,67472872.0,13443
20240508,600657,3.57,3.56,3.56,3.43,3.44,18741700,65031558.0,12642
20240508,600658,3.87,3.87,4.04,3.82,3.89,16986999,66303557.0,14138
20240508,600660,50.98,50.68,50.87,49.47,49.91,12542879,626114501.0,50754
20240508,600661,10.6,10.66,11.19,10.3,11.13,19095100,204125648.0,26398
20240508,600662,4.84,4.81,4.87,4.76,4.77,10165901,48857646.0,16961
20240508,600663,9.47,9.45,9.47,9.29,9.41,8215725,77243477.0,17136
20240508,600664,3.15,3.12,3.18,3.11,3.15,32601143,102601952.0,23122
20240508,600665,2.6,2.57,2.59,2.49,2.5,14291800,36180707.0,9816
20240508,600667,6.39,6.38,6.38,6.21,6.22,32572085,204128072.0,29032
20240508,600668,9.07,9.05,9.09,8.97,9.04,2330546,21048726.0,5130
20240508,600673,9.13,9.15,9.19,8.9,8.92,11066600,99653901.0,17014
20240508,600674,16.39,16.39,16.6,16.35,16.48,10686645,176300372.0,22155
20240508,600675,2.86,2.85,2.85,2.78,2.79,30480921,85506862.0,15731
20240508,600676,3.57,3.56,3.76,3.52,3.53,9026333,32442529.0,7895
20240508,600678,6.33,6.48,6.96,6.35,6.88,101938313,686967458.0,77545
20240508,600679,9.81,9.8,9.81,9.52,9.63,7907296,76285761.0,7917
20240508,600681,3.83,3.83,3.87,3.81,3.83,10070829,38728046.0,6243
20240508,600682,5.85,6.21,6.44,6.16,6.44,44103304,281300530.0,21410
20240508,600683,4.44,4.42,4.5,4.26,4.28,26589402,115227851.0,17419
20240508,600684,2.92,2.93,2.93,2.85,2.86,7181640,20624994.0,5280
20240508,600685,26.39,26.32,26.32,25.87,26.09,7734720,201508676.0,18152
20240508,600686,8.55,8.49,8.64,8.26,8.29,37831564,319260086.0,33891
20240508,600688,2.87,2.86,2.88,2.83,2.84,24069376,68656404.0,17280
20240508,600689,8.46,8.47,8.56,8.28,8.32,4643700,39025427.0,6530
20240508,600690,31.28,31.29,31.55,31.15,31.27,28277703,884757374.0,74657
20240508,600691,2.48,2.49,2.53,2.43,2.44,23187304,57341741.0,15698
20240508,600692,5.42,5.3,5.38,5.14,5.15,18151761,94960462.0,13571
20240508,600693,3.46,3.42,3.46,3.39,3.39,5220200,17847333.0,7691
20240508,600694,21.42,21.28,21.38,20.89,20.92,3345019,70459319.0,7272
20240508,600697,11.28,11.22,11.67,11.16,11.6,9111742,104739869.0,9828
20240508,600698,4.23,4.21,4.37,4.16,4.25,18181400,77779593.0,17665
20240508,600699,17.69,17.59,17.6,17.26,17.36,18359890,319751490.0,29200
20240508,600702,78.89,78.25,78.8,76.56,76.7,7967681,616946632.0,28234
20240508,600703,12.59,12.58,12.73,12.45,12.46,21099249,264840499.0,28533
20240508,600704,4.76,4.75,4.77,4.73,4.74,27317440,129743998.0,21274
20240508,600706,11.93,11.93,11.93,11.59,11.61,8603400,100486427.0,15875
20240508,600707,8.06,8.06,8.24,7.98,8.12,28061233,228564463.0,37531
20240508,600708,2.01,2.0,2.0,1.94,1.94,32878631,64512489.0,5498
20240508,600710,8.44,8.43,8.52,8.37,8.39,8509689,71843743.0,14623
20240508,600712,3.9,3.91,4.11,3.87,3.94,24086780,95409053.0,24037
20240508,600713,4.9,4.89,4.94,4.86,4.88,8272153,40468598.0,9802
20240508,600714,7.87,7.87,8.11,7.75,7.8,5503201,43478490.0,7713
20240508,600716,3.08,3.07,3.07,2.97,2.99,12217100,36670305.0,8336
20240508,600717,4.53,4.53,4.57,4.5,4.51,18891863,85714136.0,17020
20240508,600720,10.91,10.86,10.92,10.46,10.54,24876909,263519676.0,26124
20240508,600721,6.18,6.15,6.59,6.15,6.27,15530200,97829985.0,17742
20240508,600722,5.21,5.25,5.39,4.92,5.0,68972831,352075980.0,43107
20240508,600724,4.49,4.49,4.51,4.42,4.44,12081100,53843695.0,11567
20240508,600727,8.95,8.56,9.17,8.5,8.93,116823565,1031525492.0,102705
20240508,600728,4.46,4.46,4.46,4.32,4.34,27282821,119122436.0,20575
20240508,600730,4.83,4.82,4.87,4.77,4.77,5702853,27395899.0,5809
20240508,600731,5.92,5.92,6.1,5.88,5.89,7222180,43039651.0,8055
20240508,600732,12.44,12.34,12.59,12.13,12.17,28631760,352383744.0,28137
20240508,600733,6.46,6.33,6.37,6.18,6.25,158649506,992491080.0,80776
20240508,600735,4.98,4.98,5.16,4.93,5.0,11617815,58517513.0,12665
20240508,600736,4.8,4.77,4.77,4.69,4.7,9463500,44710554.0,8559
20240508,600737,10.29,10.3,10.37,10.2,10.23,31705538,325936577.0,38266
20240508,600738,4.34,4.34,4.36,4.26,4.27,8355300,35807059.0,10933
20240508,600739,10.42,10.4,10.48,10.3,10.3,7800000,80867256.0,11561
20240508,600740,4.59,4.59,4.64,4.57,4.58,18374228,84693478.0,15302
20240508,600741,16.55,16.51,16.52,16.27,16.38,21755827,356102919.0,35408
20240508,600742,9.07,9.05,9.05,8.85,8.87,11189807,99924800.0,15262
20240508,600743,1.4,1.36,1.38,1.32,1.34,60881537,82365197.0,14583
20240508,600744,3.34,3.34,3.67,3.32,3.67,149274376,536438530.0,60698
20240508,600745,32.44,32.37,32.5,31.77,31.92,10344258,331216641.0,23810
20240508,600746,7.74,7.78,7.85,7.41,7.47,21865902,166092910.0,26758
20240508,600749,10.98,10.88,10.94,10.71,10.75,9609300,103656574.0,10518
20240508,600750,27.26,27.27,27.37,26.65,26.8,6549054,176049721.0,22680
20240508,600751,2.34,2.33,2.34,2.3,2.31,20681700,47964937.0,10794
20240508,600754,29.9,29.9,30.14,29.0,29.3,12796621,377593888.0,27496
20240508,600755,7.49,7.48,7.5,7.43,7.47,11334485,84748354.0,16824
20240508,600756,11.53,11.47,11.47,11.26,11.27,4658200,52729561.0,6620
20240508,600757,7.74,7.71,7.74,7.6,7.61,11481401,87857750.0,13060
20240508,600758,3.35,3.33,3.4,3.33,3.36,14435888,48595386.0,12871
20240508,600760,39.79,39.67,40.25,39.26,39.76,15150605,602197997.0,38889
20240508,600761,25.58,25.58,25.88,25.3,25.45,5889486,150108708.0,16938
20240508,600763,67.78,67.75,68.88,66.81,66.99,4444500,300284453.0,17824
20240508,600764,21.72,21.65,21.68,21.07,21.11,5023000,106697519.0,11402
20240508,600765,18.98,18.83,19.18,18.64,19.09,49103669,931498083.0,72029
20240508,600768,8.94,8.93,8.94,8.69,8.74,2564001,22607994.0,4782
20240508,600769,6.84,6.86,6.88,6.67,6.7,4759000,32131252.0,6954
20240508,600770,3.2,3.18,3.21,3.11,3.12,10549015,33237557.0,14098
20240508,600771,25.88,25.83,25.99,25.53,25.55,5007300,128709296.0,12973
20240508,600773,12.15,12.15,12.17,12.03,12.04,5643501,68228070.0,9108
20240508,600775,10.11,10.0,10.6,9.83,10.42,99275708,1016110434.0,97029
20240508,600776,10.64,10.54,10.6,10.32,10.39,15006100,156091766.0,24640
20240508,600778,4.52,4.52,4.56,4.43,4.53,3489400,15719557.0,3142
20240508,600779,47.92,47.71,47.88,46.36,46.46,4571601,214645452.0,16043
20240508,600780,7.15,7.15,7.2,7.02,7.03,6450801,45785590.0,10559
20240508,600782,3.69,3.66,3.69,3.63,3.68,44092700,161435753.0,23073
20240508,600783,11.6,11.65,11.68,11.27,11.32,5158966,59117538.0,8221
20240508,600784,5.3,5.28,5.37,5.27,5.29,4984879,26491542.0,8425
20240508,600785,18.77,17.65,17.65,16.89,16.89,2993000,50982182.0,3050
20240508,600787,5.27,5.26,5.3,5.23,5.24,14746113,77523554.0,14986
20240508,600789,7.86,7.79,8.65,7.79,8.65,226295527,1896751933.0,147157
20240508,600790,3.54,3.54,3.56,3.45,3.46,7849839,27451128.0,8124
20240508,600791,3.82,3.68,3.79,3.56,3.58,30521858,111050719.0,11976
20240508,600792,3.91,3.91,4.07,3.88,4.0,37495700,150068553.0,22286
20240508,600793,10.07,10.06,10.06,9.79,9.81,1815600,17958835.0,2349
20240508,600794,3.7,3.68,3.7,3.65,3.66,10555700,38799724.0,12336
20240508,600795,5.19,5.19,5.23,5.15,5.18,88742110,460172312.0,50640
20240508,600796,5.42,5.55,5.96,5.46,5.96,56614608,325032130.0,40397
20240508,600797,5.45,5.44,5.44,5.27,5.28,14965000,79704002.0,15913
20240508,600798,3.13,3.13,3.15,3.09,3.11,13198499,41214812.0,9597
20240508,600800,2.7,2.68,2.74,2.63,2.66,12672900,33828433.0,8540
20240508,600801,14.2,14.2,14.27,14.01,14.04,4118611,58158303.0,12161
20240508,600802,3.51,3.5,3.5,3.42,3.43,5223620,18069661.0,4607
20240508,600805,4.55,4.47,5.01,4.41,4.68,61834974,293742045.0,35737
20240508,600807,2.91,2.91,3.2,2.89,3.2,18747284,58393030.0,5675
20240508,600808,2.37,2.37,2.38,2.34,2.34,35046788,82564069.0,16784
20240508,600809,270.12,270.07,271.5,268.08,268.7,2562082,689723573.0,15678
20240508,600810,7.82,7.82,7.91,7.73,7.77,8460080,65923403.0,11991
20240508,600812,5.27,5.28,5.36,5.23,5.31,16736714,88768297.0,21865
20240508,600814,6.67,6.66,6.73,6.62,6.64,5709001,37982697.0,8917
20240508,600815,2.33,2.31,2.33,2.27,2.28,14333300,32845503.0,7748
20240508,600818,23.95,23.81,23.81,22.3,23.24,12008700,279369759.0,14593
20240508,600819,4.89,4.9,4.92,4.79,4.8,8505700,41219303.0,11784
20240508,600820,6.87,6.92,6.95,6.8,6.87,30380300,209085806.0,32576
20240508,600821,5.94,5.9,5.96,5.84,5.85,13796700,81234616.0,10687
20240508,600822,9.17,9.16,9.16,8.9,8.9,8142822,73290748.0,6268
20240508,600824,3.35,3.36,3.36,3.33,3.34,6922157,23175045.0,7424
20240508,600825,4.53,4.49,4.49,4.38,4.39,18830000,83235525.0,12749
20240508,600826,9.02,9.0,9.05,8.9,8.91,3038500,27225334.0,4966
20240508,600827,9.06,9.03,9.06,8.85,8.87,6747095,60391030.0,11667
20240508,600828,3.02,3.02,3.02,2.94,2.97,7675040,22849541.0,6831
20240508,600829,6.88,6.88,6.95,6.8,6.87,4300900,29555694.0,9407
20240508,600830,6.56,6.57,6.58,6.37,6.39,8280981,53334342.0,11753
20240508,600833,11.42,11.37,11.45,11.31,11.42,2896938,32981810.0,3409
20240508,600834,7.18,7.18,7.27,7.12,7.21,3532383,25405681.0,4080
20240508,600835,13.46,13.46,13.46,13.19,13.21,6164700,81971619.0,13115
20240508,600838,6.42,6.41,6.42,6.32,6.35,5987895,38107419.0,4971
20240508,600839,5.45,5.42,5.61,5.35,5.59,251252789,1380292864.0,113754
20240508,600841,4.48,4.48,4.48,4.4,4.4,6472200,28642271.0,10268
20240508,600845,40.65,39.98,40.5,39.81,40.01,6079627,243894060.0,20400
20240508,600846,8.14,8.16,8.18,8.07,8.15,3592610,29191727.0,5402
20240508,600848,10.68,10.67,10.72,10.52,10.53,5699361,60424037.0,11886
20240508,600850,19.92,19.81,19.85,19.41,19.44,6865123,134447649.0,13438
20240508,600851,5.98,6.08,6.38,5.96,6.07,9851900,59973134.0,15152
20240508,600853,4.09,4.12,4.15,4.0,4.02,29589171,120332831.0,15540
20240508,600854,4.26,4.25,4.25,4.12,4.13,11885967,49511808.0,9611
20240508,600855,9.35,9.22,9.28,9.02,9.13,13770900,125820900.0,22749
20240508,600857,7.05,7.01,7.08,6.94,7.05,4881620,34297204.0,3896
20240508,600858,4.79,4.77,4.8,4.7,4.7,9581523,45445447.0,11054
20240508,600859,13.53,13.53,13.54,13.23,13.26,14291461,190495040.0,17399
20240508,600860,10.23,10.18,10.65,10.0,10.17,14359971,147147227.0,19396
20240508,600861,21.02,20.99,21.56,20.74,21.3,3929697,83318953.0,12301
20240508,600862,20.28,20.16,20.17,19.62,19.66,22030871,437230716.0,28175
20240508,600864,5.3,5.28,5.29,5.17,5.18,21071600,110055060.0,18218
20240508,600865,8.08,7.91,7.99,7.7,7.82,7736285,60484981.0,8913
20240508,600866,6.6,6.44,7.26,6.39,7.26,166183115,1146265381.0,88773
20240508,600867,10.38,10.6,10.88,10.35,10.37,54097176,568255068.0,54054
20240508,600868,2.25,2.23,2.26,2.22,2.23,12038708,26939316.0,3876
20240508,600869,4.1,4.1,4.11,4.03,4.05,12725100,51630713.0,12887
20240508,600871,1.91,1.9,1.91,1.86,1.87,57904000,109449697.0,17168
20240508,600872,29.6,29.62,29.62,28.68,28.78,14428589,417838277.0,37742
20240508,600873,11.39,11.2,11.45,11.19,11.31,36127112,408845717.0,49497
20240508,600874,6.1,6.08,6.1,5.99,6.01,13190435,79667431.0,17826
20240508,600875,17.22,17.24,17.37,17.02,17.14,18108677,311301525.0,32913
20240508,600876,11.34,11.29,11.29,11.09,11.1,3114100,34742499.0,8030
20240508,600877,12.45,12.55,12.55,12.1,12.13,7833138,95913020.0,14713
20240508,600879,8.11,8.07,8.07,7.88,7.92,68252377,542702403.0,41725
20240508,600880,4.44,4.41,4.43,4.31,4.32,10960000,47750295.0,9623
20240508,600881,1.37,1.37,1.38,1.35,1.35,13822020,18822361.0,2784
20240508,600882,14.49,14.5,14.63,14.28,14.3,4287383,61786931.0,11963
20240508,600883,6.9,6.84,6.99,6.82,6.82,3090700,21317541.0,4392
20240508,600884,11.96,11.9,11.95,11.66,11.67,9348450,110000686.0,14595
20240508,600885,28.71,28.79,28.85,28.11,28.13,6377183,181183012.0,17156
20240508,600886,15.83,15.84,15.96,15.65,15.76,19329776,305117542.0,28376
20240508,600887,28.35,28.34,28.48,28.21,28.23,41568562,1176807122.0,64015
20240508,600888,8.13,8.11,8.14,8.0,8.01,12421409,100338782.0,15355
20240508,600893,35.95,35.75,35.93,35.43,35.73,12351883,440604084.0,33709
20240508,600894,11.69,11.61,11.8,11.5,11.68,7034849,82150115.0,11395
20240508,600895,18.6,18.53,19.04,18.18,18.45,36368604,673497624.0,53648
20240508,600897,13.92,13.88,13.9,13.76,13.79,2611177,36063343.0,5310
20240508,600900,25.35,25.35,25.55,25.31,25.31,60627239,1538925484.0,65846
20240508,600901,5.11,5.1,5.23,5.1,5.17,43074573,223008642.0,37901
20240508,600905,4.7,4.7,4.72,4.66,4.69,83433700,390546964.0,41634
20240508,600906,7.03,7.01,7.02,6.93,6.93,15181200,105712790.0,12444
20240508,600908,5.34,5.34,5.37,5.29,5.3,13850928,73871212.0,13780
20240508,600909,4.82,4.81,4.81,4.74,4.74,25817717,123001149.0,17357
20240508,600916,11.31,11.3,11.42,11.2,11.27,13940700,157847865.0,28016
20240508,600917,6.06,6.06,6.11,6.02,6.03,5732631,34705068.0,7183
20240508,600918,6.61,6.58,6.6,6.51,6.53,29717160,194417224.0,15461
20240508,600919,7.97,7.96,8.08,7.96,8.04,133996245,1077695181.0,71713
20240508,600925,5.51,5.51,5.54,5.5,5.51,8358284,46158967.0,11859
20240508,600926,12.8,12.8,13.06,12.78,12.94,31163184,404041289.0,39122
20240508,600927,13.48,13.41,13.48,13.17,13.17,3788500,50336246.0,10247
20240508,600928,3.56,3.55,3.57,3.52,3.53,19961400,70772899.0,13249
20240508,600929,6.29,6.28,6.31,6.18,6.19,11147069,69490856.0,17537
20240508,600935,2.84,2.85,2.88,2.81,2.81,6040848,17104501.0,6373
20240508,600936,2.63,2.63,2.63,2.57,2.58,5960700,15467422.0,6118
20240508,600938,29.25,29.17,29.33,29.0,29.06,34746854,1013700189.0,50144
20240508,600939,2.67,2.66,2.67,2.61,2.61,10783300,28403557.0,5401
20240508,600941,101.12,101.12,101.58,100.28,101.03,10084664,1018752905.0,32643
20240508,600955,18.95,18.68,18.89,18.0,18.01,6245518,114301500.0,13808
20240508,600956,8.87,8.85,8.96,8.78,8.78,5411900,47943706.0,11728
20240508,600958,8.4,8.39,8.45,8.31,8.32,27979431,234070734.0,22226
20240508,600959,3.08,3.09,3.09,3.04,3.04,23360819,71392159.0,16118
20240508,600961,10.63,10.51,10.53,10.23,10.31,13970623,144436913.0,18801
20240508,600963,4.92,4.95,4.95,4.85,4.86,8259667,40363446.0,11913
20240508,600965,4.82,4.81,4.88,4.78,4.8,3885301,18742986.0,7687
20240508,600966,5.98,6.04,6.04,5.85,5.87,15531270,91964768.0,22133
20240508,600967,8.16,8.14,8.22,8.07,8.07,12449268,101324174.0,15647
20240508,600968,4.16,4.16,4.18,4.09,4.16,60727971,251754330.0,58957
20240508,600969,5.49,5.49,5.69,5.46,5.5,5410624,30168381.0,5630
20240508,600970,12.76,12.71,12.72,12.54,12.61,8793022,110998841.0,22104
20240508,600971,13.15,13.11,13.46,13.06,13.26,18381781,244732216.0,29715
20240508,600973,4.34,4.35,4.35,4.24,4.25,12198984,52085047.0,7776
20240508,600975,8.72,8.7,9.38,8.61,9.16,48224895,436028927.0,35689
20240508,600976,59.93,59.86,60.15,58.36,58.42,1519159,89416657.0,6824
20240508,600977,11.98,11.96,11.97,11.78,11.81,10043372,118932781.0,11246
20240508,600979,3.49,3.47,3.66,3.47,3.58,55917634,200368905.0,26176
20240508,600980,14.73,14.65,14.8,14.54,14.57,2735100,40012561.0,6778
20240508,600981,2.31,2.3,2.32,2.28,2.28,13131400,30215436.0,6854
20240508,600982,4.1,4.08,4.16,4.07,4.09,14291411,58862223.0,11462
20240508,600983,9.1,9.08,9.16,9.0,9.0,1567461,14203669.0,4420
20240508,600984,3.16,3.18,3.19,3.09,3.1,23977277,74755442.0,12474
20240508,600985,19.44,19.39,20.13,19.29,19.8,18670331,370249506.0,34066
20240508,600986,5.16,5.16,5.17,5.01,5.02,48609321,246995527.0,25535
20240508,600987,8.06,8.03,8.05,7.81,7.87,7640599,60596870.0,15656
20240508,600988,18.07,17.93,18.18,17.45,17.9,58699946,1046668470.0,80679
20240508,600989,17.29,17.2,17.6,17.2,17.28,15285420,265732614.0,36479
20240508,600990,20.57,21.82,22.63,21.42,22.63,39097224,873806461.0,45601
20240508,600992,12.93,12.86,13.38,12.76,13.29,13280600,173112870.0,20620
20240508,600993,29.0,29.03,29.18,28.61,28.82,5362907,155135799.0,15702
20240508,600995,10.01,10.02,10.11,9.92,9.93,6913700,69154073.0,8951
20240508,600996,7.33,7.34,7.35,7.17,7.19,8485000,61175167.0,13234
20240508,600997,8.19,8.14,8.32,8.13,8.25,9297308,76779530.0,17926
20240508,600998,8.17,8.16,8.19,8.07,8.09,11312135,91997907.0,23676
20240508,600999,14.71,14.71,14.77,14.59,14.59,14646833,214587659.0,19859
20240508,601000,4.43,4.44,4.49,4.4,4.44,33968090,151377988.0,33686
20240508,601001,16.22,16.78,17.84,16.78,17.84,30449051,532942624.0,33396
20240508,601002,3.83,3.8,3.84,3.72,3.74,6203100,23318002.0,7423
20240508,601003,2.96,2.95,2.97,2.93,2.93,5825500,17168127.0,5575
20240508,601005,1.26,1.26,1.26,1.25,1.25,20402901,25553993.0,2019
20240508,601006,6.96,6.95,7.0,6.94,6.99,130411778,910067912.0,50313
20240508,601007,7.03,7.01,7.02,6.88,6.9,6849332,47492723.0,6444
20240508,601008,3.94,3.94,4.13,3.92,4.02,31337291,127056467.0,17392
20240508,601009,9.12,9.12,9.26,9.08,9.18,25254025,232477300.0,25274
20240508,601010,2.11,2.1,2.11,2.09,2.1,7968200,16730772.0,4364
20240508,601011,2.44,2.43,2.51,2.41,2.45,37541400,92574423.0,20075
20240508,601012,18.77,18.77,18.77,18.5,18.51,67601841,1255470468.0,72033
20240508,601015,3.6,3.59,3.64,3.57,3.58,13967906,50389127.0,16527
20240508,601016,3.14,3.14,3.19,3.14,3.14,58912993,186354337.0,23342
20240508,601018,3.64,3.63,3.65,3.62,3.63,16610114,60388563.0,16994
20240508,601019,11.02,11.02,11.22,10.79,11.12,16625421,183145892.0,36383
20240508,601020,10.83,10.74,11.55,10.64,11.16,76621582,851241929.0,64346
20240508,601021,55.75,55.5,55.81,54.94,55.07,6337614,350292015.0,21489
20240508,601022,9.6,9.59,9.75,9.41,9.43,17743715,169411424.0,19319
20240508,601038,18.94,18.7,19.02,18.65,18.95,5700402,107671262.0,16445
20240508,601058,16.09,16.11,16.48,15.91,16.16,33454606,543651242.0,52335
20240508,601059,15.67,15.53,15.58,15.3,15.31,23347281,359449330.0,25134
20240508,601066,22.92,22.78,22.88,22.44,22.5,8315400,187893176.0,15116
20240508,601068,4.79,4.75,4.79,4.64,4.66,19105600,89933745.0,21618
20240508,601069,12.98,12.85,14.28,12.78,14.28,52929271,732343655.0,43704
20240508,601077,4.6,4.59,4.63,4.59,4.59,47824565,220503575.0,36992
20240508,601086,4.75,4.75,4.8,4.67,4.8,16383900,77704408.0,10060
20240508,601088,39.93,40.01,41.45,40.01,41.15,38193795,1563614148.0,77302
20240508,601089,16.08,16.06,16.18,15.93,16.03,3014249,48403766.0,10090
20240508,601098,12.46,12.4,12.57,12.19,12.51,11975004,148522002.0,22968
20240508,601099,3.44,3.42,3.45,3.36,3.38,280050916,950323555.0,67624
20240508,601100,52.83,52.7,53.14,50.8,51.23,7532364,388934751.0,24326
20240508,601101,8.92,8.92,9.35,8.92,9.18,33165232,305314675.0,44891
20240508,601106,2.71,2.7,2.71,2.66,2.66,18156501,48615649.0,8937
20240508,601108,7.66,7.62,7.65,7.51,7.53,30712655,232385876.0,25529
20240508,601111,7.29,7.26,7.31,7.22,7.26,32122901,233480225.0,14517
20240508,601113,3.7,3.67,3.69,3.59,3.61,20869010,75697923.0,19139
20240508,601116,9.17,9.2,9.25,9.08,9.12,4139200,37856829.0,8846
20240508,601117,7.27,7.26,7.35,7.2,7.31,79582143,580443475.0,40659
20240508,601118,4.81,4.82,4.86,4.74,4.76,26748454,127846994.0,23411
20240508,601126,16.28,16.35,16.41,16.05,16.07,8287486,134409050.0,20467
20240508,601127,86.98,85.7,86.68,83.8,84.83,49494426,4204515365.0,140181
20240508,601128,7.93,7.92,8.17,7.9,8.13,46982541,380018701.0,43968
20240508,601136,23.73,23.32,23.5,22.85,23.01,56035805,1291404966.0,73042
20240508,601137,18.55,18.36,18.4,17.78,17.96,27204023,489938402.0,34326
20240508,601138,25.38,24.74,25.2,24.41,24.46,141192478,3488052621.0,167294
20240508,601139,7.47,7.48,7.59,7.46,7.51,10936543,82429731.0,18538
20240508,601155,10.7,10.56,10.64,10.06,10.07,48887069,503158169.0,51488
20240508,601156,19.17,19.41,20.66,19.01,20.53,26595603,536229853.0,44089
20240508,601158,5.11,5.11,5.14,5.08,5.09,11409494,58260669.0,12168
20240508,601162,2.94,2.93,2.94,2.89,2.9,89016788,259103041.0,17487
20240508,601163,17.56,17.52,17.52,17.19,17.22,10012471,173623780.0,20637
20240508,601166,16.82,16.77,16.91,16.72,16.78,44144319,741927576.0,46041
20240508,601168,19.32,19.0,19.3,18.73,19.08,39425863,751077768.0,53424
20240508,601169,5.56,5.55,5.63,5.55,5.58,54390323,304549214.0,34198
20240508,601177,8.35,8.33,8.35,8.18,8.2,3122500,25750991.0,5208
20240508,601179,7.19,7.19,7.33,7.15,7.3,255112452,1854386611.0,128528
20240508,601186,8.65,8.63,8.67,8.56,8.57,57703815,496403924.0,35947
20240508,601187,5.56,5.57,5.62,5.54,5.55,13143728,73427294.0,14887
20240508,601188,3.92,3.89,4.06,3.83,3.86,47442000,186141964.0,26739
20240508,601198,8.87,8.86,8.86,8.64,8.66,36454600,317311293.0,33251
20240508,601199,5.3,5.3,5.37,5.24,5.27,9666200,51242365.0,8830
20240508,601200,9.33,9.3,9.32,9.19,9.2,4513498,41733532.0,7907
20240508,601208,8.79,8.77,8.8,8.49,8.53,17363086,149719389.0,18792
20240508,601212,3.12,3.09,3.15,3.04,3.1,75815883,234942861.0,37108
20240508,601216,4.31,4.31,4.33,4.25,4.3,39061380,167817187.0,32986
20240508,601218,3.17,3.19,3.21,3.14,3.15,13492409,42821965.0,11256
20240508,601222,6.73,6.71,6.73,6.58,6.6,17592200,116944720.0,18005
20240508,601225,23.99,23.96,25.34,23.88,25.16,65832436,1634206759.0,94557
20240508,601226,6.06,6.05,6.1,5.96,6.03,10103823,60852689.0,10031
20240508,601228,3.38,3.38,3.4,3.35,3.37,18056205,60921065.0,16844
20240508,601229,7.24,7.26,7.33,7.24,7.3,31050542,226550364.0,27231
20240508,601231,15.12,15.16,15.19,14.96,14.99,8380200,126116633.0,25323
20240508,601233,14.84,14.8,14.99,14.63,14.68,29704662,438378840.0,49548
20240508,601236,7.24,7.23,7.25,7.16,7.17,11999038,86312333.0,10282
20240508,601238,8.76,8.75,8.75,8.67,8.71,17084329,148739798.0,16657
20240508,601279,5.34,5.34,5.34,5.21,5.22,5582200,29359830.0,12295
20240508,601288,4.38,4.38,4.44,4.37,4.43,388237247,1715040063.0,72942
20240508,601311,8.45,8.39,8.45,8.25,8.26,8508748,70948447.0,15214
20240508,601318,42.59,42.45,42.7,41.88,41.95,44733513,1888701756.0,78569
20240508,601319,5.36,5.35,5.37,5.26,5.28,59737135,317007094.0,37768
20240508,601326,3.34,3.35,3.35,3.3,3.3,15176672,50435334.0,16269
20240508,601328,6.83,6.81,6.95,6.8,6.93,126573290,873314513.0,55919
20240508,601330,6.96,6.97,6.97,6.89,6.91,2252700,15599714.0,5885
20240508,601333,3.39,3.37,3.39,3.3,3.34,127172104,424485445.0,49445
20240508,601336,32.43,32.39,32.39,31.56,31.61,12013614,383094209.0,33036
20240508,601339,5.72,5.69,5.75,5.68,5.72,3007600,17222099.0,4998
20240508,601360,9.42,9.18,9.25,8.84,8.88,274435016,2473375531.0,154014
20240508,601366,5.22,5.2,5.23,5.1,5.2,4194200,21575974.0,5764
20240508,601368,4.46,4.44,4.48,4.42,4.43,3340700,14856939.0,5087
20240508,601369,9.1,9.11,9.15,8.96,8.98,9512524,86205208.0,18100
20240508,601375,3.8,3.8,3.8,3.73,3.73,31827100,119543538.0,18700
20240508,601377,5.58,5.57,5.58,5.52,5.53,32090885,177865895.0,18512
20240508,601388,2.76,2.74,2.75,2.68,2.69,35486700,95946920.0,13125
20240508,601390,6.61,6.6,6.6,6.52,6.54,77749307,509409447.0,34014
20240508,601398,5.4,5.4,5.45,5.38,5.41,296767233,1608594647.0,79613
20240508,601399,3.0,3.0,3.01,2.93,2.95,31933442,94709898.0,14851
20240508,601512,8.57,8.5,8.51,8.28,8.31,6421240,53867544.0,9492
20240508,601518,2.62,2.61,2.62,2.59,2.59,19974120,51985399.0,4959
20240508,601528,5.14,5.14,5.18,5.11,5.12,14582140,74975677.0,13201
20240508,601555,6.76,6.75,6.77,6.67,6.68,28921821,194090178.0,25788
20240508,601566,10.46,10.4,10.48,10.22,10.26,2551800,26322240.0,8510
20240508,601567,33.35,33.35,34.22,32.68,33.84,11920508,400466298.0,41476
20240508,601568,4.5,4.5,4.52,4.45,4.46,7645480,34253447.0,11840
20240508,601577,8.17,8.15,8.2,8.11,8.12,13830164,112904089.0,20184
20240508,601579,11.17,11.2,11.37,11.13,11.22,4006333,45022202.0,9297
20240508,601588,1.76,1.75,1.75,1.71,1.71,18039587,31136496.0,4156
20240508,601595,29.38,29.07,29.07,27.6,27.93,12199558,341185925.0,29388
20240508,601598,5.81,5.79,5.98,5.77,5.9,57893830,340711793.0,41437
20240508,601599,3.56,3.53,3.53,3.46,3.48,11379500,39641227.0,7349
20240508,601600,7.69,7.61,7.72,7.5,7.63,121745505,929052791.0,75527
20240508,601601,27.15,27.09,27.19,26.42,26.5,27284889,729827532.0,53686
20240508,601606,10.75,10.79,10.79,10.48,10.52,8696181,91953451.0,15169
20240508,601607,18.07,18.06,18.15,17.98,18.02,7807151,140847480.0,18448
20240508,601608,4.47,4.46,4.46,4.36,4.37,30268350,132958569.0,24208
20240508,601609,6.57,6.53,6.6,6.5,6.51,7950700,52028858.0,15625
20240508,601611,7.88,7.85,7.86,7.7,7.7,15175533,117535935.0,17004
20240508,601615,10.16,10.14,10.43,10.1,10.22,56327674,579572628.0,52761
20240508,601616,3.32,3.3,3.36,3.21,3.23,39972814,131068243.0,25592
20240508,601618,3.29,3.29,3.29,3.25,3.25,99392940,324638642.0,30876
20240508,601619,3.51,3.49,3.55,3.49,3.49,23275987,81833362.0,13497
20240508,601628,31.6,31.65,31.87,31.17,31.22,11731001,369401826.0,33331
20240508,601633,26.52,26.35,26.35,25.82,25.92,17905892,465847691.0,35704
20240508,601636,8.01,8.0,8.0,7.73,7.76,30330246,237891870.0,29409
20240508,601658,4.86,4.85,4.88,4.84,4.84,79411551,386069825.0,41943
20240508,601665,4.79,4.79,4.85,4.75,4.75,22005722,105397577.0,20780
20240508,601666,13.48,13.39,14.06,13.36,13.85,46001520,635569306.0,57886
20240508,601668,5.41,5.4,5.41,5.35,5.35,133450556,717375282.0,48557
20240508,601669,5.14,5.14,5.15,5.09,5.09,85638233,437485592.0,43238
20240508,601677,13.62,13.58,13.58,13.19,13.27,23835180,317376886.0,40748
20240508,601678,4.24,4.24,4.24,4.15,4.17,23704556,99325075.0,18700
20240508,601686,5.72,5.73,5.73,5.61,5.63,2930800,16600430.0,5387
20240508,601688,13.86,13.81,13.84,13.67,13.71,52429413,720405687.0,50112
20240508,601689,63.72,62.94,63.15,60.66,60.88,10214940,627705634.0,33061
20240508,601696,10.3,10.29,10.33,10.12,10.14,17650067,180004901.0,16994
20240508,601698,16.3,16.31,16.33,15.94,16.03,35082312,563877546.0,44272
20240508,601699,22.07,22.04,23.36,22.04,23.01,45823465,1050239126.0,54361
20240508,601700,4.98,4.98,5.01,4.91,4.95,12147716,60264982.0,16250
20240508,601702,20.64,20.56,20.8,20.05,20.13,5713300,116460524.0,19263
20240508,601717,17.74,17.77,17.78,17.17,17.2,17442738,302814839.0,38437
20240508,601718,2.81,2.81,2.82,2.78,2.79,25508613,71239816.0,9509
20240508,601727,4.37,4.36,4.37,4.32,4.32,29929045,130079966.0,20943
20240508,601728,5.9,5.9,5.98,5.87,5.96,141102904,837853916.0,61935
20240508,601766,7.08,7.04,7.07,6.93,7.07,116945645,821322875.0,65597
20240508,601777,3.29,3.28,3.33,3.25,3.29,19642508,64643279.0,17420
20240508,601778,3.02,3.02,3.03,2.97,2.97,34519212,103416240.0,15876
20240508,601788,16.6,16.54,16.6,16.33,16.37,21060115,346031102.0,25049
20240508,601789,4.16,4.14,4.15,4.06,4.07,17130401,70245822.0,7995
20240508,601798,6.32,6.34,6.35,6.18,6.22,8597400,53678066.0,12162
20240508,601799,142.98,142.1,142.59,137.08,141.12,1248610,174844439.0,7575
20240508,601800,9.0,8.96,9.07,8.91,8.98,43927977,394773908.0,34378
20240508,601801,7.65,7.61,7.61,7.25,7.33,17490500,128392236.0,27485
20240508,601808,18.05,17.92,18.26,17.92,18.02,7050150,127722051.0,19813
20240508,601811,14.35,14.37,14.56,14.13,14.38,5595200,80228733.0,20018
20240508,601816,5.16,5.16,5.17,5.12,5.13,145488739,747962090.0,52847
20240508,601818,3.17,3.16,3.18,3.14,3.14,108811530,344211869.0,31267
20240508,601825,7.03,7.03,7.21,6.99,7.16,46321710,331291394.0,42223
20240508,601827,8.17,8.16,8.29,8.15,8.19,9276765,76158224.0,14732
20240508,601828,3.28,3.29,3.29,3.18,3.18,13762040,44268676.0,11641
20240508,601838,14.72,14.73,14.98,14.65,14.94,27671600,412078089.0,26805
20240508,601857,10.12,10.07,10.32,10.06,10.13,204559297,2083992061.0,107693
20240508,601858,23.76,23.42,23.49,22.71,22.8,11528671,264435057.0,26104
20240508,601860,2.67,2.66,2.68,2.63,2.64,42727798,113371503.0,11286
20240508,601865,26.98,27.06,27.06,25.92,26.0,14326305,376221246.0,43938
20240508,601866,2.5,2.49,2.49,2.44,2.44,46480140,114554308.0,18194
20240508,601868,2.19,2.19,2.2,2.17,2.17,135079891,294058985.0,32798
20240508,601869,26.57,26.38,26.58,25.69,25.76,3690000,95764779.0,12496
20240508,601872,8.53,8.55,8.86,8.53,8.82,50666536,443279785.0,47828
20240508,601877,20.76,20.83,20.88,20.66,20.71,9430411,195781851.0,24552
20240508,601878,11.42,11.36,11.53,11.23,11.32,49172153,558065295.0,38649
20240508,601880,1.43,1.43,1.47,1.43,1.45,108548476,157296062.0,13537
20240508,601881,12.31,12.31,12.31,12.03,12.12,65524871,794784900.0,61417
20240508,601882,29.03,29.0,29.61,28.35,28.47,5091100,147858394.0,11103
20240508,601886,6.13,6.1,6.16,6.04,6.06,11366700,69208225.0,17329
20240508,601888,75.72,75.4,75.4,73.34,73.36,23193999,1716995104.0,69429
20240508,601890,8.41,8.45,8.48,8.17,8.2,20826859,172009141.0,26648
20240508,601898,12.16,12.16,12.56,12.11,12.38,32720011,405603035.0,46519
20240508,601899,17.45,17.3,17.68,17.01,17.45,132403984,2300504674.0,130185
20240508,601900,15.11,15.1,15.1,14.44,14.52,10688500,156139394.0,20304
20240508,601901,8.75,8.74,8.91,8.68,8.76,143703872,1266870925.0,73222
20240508,601908,3.45,3.43,3.44,3.36,3.37,19680938,66746194.0,17058
20240508,601918,9.15,9.17,9.42,9.07,9.3,38299485,354571989.0,39634
20240508,601919,12.07,12.1,12.28,12.08,12.21,115067139,1402062078.0,73269
20240508,601921,8.8,8.8,8.8,8.59,8.61,6902900,59795121.0,14080
20240508,601928,10.47,10.47,10.5,10.21,10.44,16906467,175186837.0,23388
20240508,601929,1.38,1.38,1.39,1.34,1.34,39326900,53419619.0,4570
20240508,601933,2.38,2.5,2.62,2.46,2.62,302284990,776270089.0,73989
20240508,601939,7.12,7.12,7.19,7.11,7.14,119688989,856819553.0,58379
20240508,601949,7.42,7.37,7.38,7.17,7.18,19594382,141497546.0,19187
20240508,601952,10.49,10.48,10.57,10.42,10.53,9153620,96190159.0,16748
20240508,601956,5.22,5.2,5.36,5.18,5.22,15019150,78863149.0,12751
20240508,601958,11.29,11.29,11.45,11.2,11.28,27072959,305996096.0,30553
20240508,601963,7.46,7.43,7.48,7.38,7.39,7719792,57352117.0,11629
20240508,601965,20.84,20.91,20.91,19.98,20.18,7784808,157033012.0,22620
20240508,601966,22.7,22.68,22.68,22.04,22.09,15531492,345539747.0,30552
20240508,601968,5.46,5.43,5.44,5.36,5.39,4665671,25195867.0,4717
20240508,601969,7.35,7.38,7.38,7.19,7.2,10480200,76020191.0,20234
20240508,601975,3.69,3.69,3.75,3.66,3.67,102055725,377393241.0,48214
20240508,601985,9.11,9.07,9.15,9.05,9.09,73566779,668436564.0,45700
20240508,601988,4.48,4.48,4.53,4.48,4.51,181812721,819962093.0,62702
20240508,601990,8.21,8.16,8.21,8.11,8.11,18019782,146890493.0,19816
20240508,601991,3.1,3.09,3.13,3.06,3.07,90605056,279733053.0,39395
20240508,601992,1.85,1.84,1.85,1.81,1.81,33023222,60212344.0,12333
20240508,601995,33.73,33.6,33.6,33.09,33.13,10675554,355156865.0,19522
20240508,601996,2.27,2.28,2.29,2.26,2.27,7224952,16425079.0,4087
20240508,601997,5.62,5.61,5.64,5.57,5.58,26075260,146215962.0,18125
20240508,601998,6.95,6.94,7.08,6.92,7.02,78907360,553788109.0,40885
20240508,601999,6.11,6.12,6.12,5.96,5.96,5589801,33635516.0,8430
20240508,603000,25.02,24.8,24.8,23.78,23.91,28436685,686159620.0,57366
20240508,603002,5.13,5.11,5.13,4.93,5.0,19923213,99591529.0,23600
20240508,603005,17.82,17.86,17.86,17.27,17.31,12439142,217369805.0,25130
20240508,603006,13.49,13.31,14.83,12.9,14.62,38123157,525884183.0,44249
20240508,603008,19.58,19.7,19.73,19.19,19.22,3168200,61263670.0,8707
20240508,603009,18.1,17.95,18.09,17.18,17.27,13337255,232473529.0,16678
20240508,603010,10.36,10.37,10.53,10.26,10.32,3570369,37046559.0,9838
20240508,603011,7.67,7.62,7.96,7.5,7.93,43411193,339759920.0,33065
20240508,603012,5.54,5.56,5.57,5.45,5.45,6976607,38317588.0,8150
20240508,603013,16.24,16.21,16.3,15.87,15.9,4123100,66165651.0,10841
20240508,603015,8.27,8.33,8.38,8.14,8.16,9175051,75638359.0,15167
20240508,603016,17.3,17.31,17.47,17.15,17.31,1485000,25693622.0,3093
20240508,603017,12.08,11.85,12.15,11.11,11.37,36418594,421905213.0,48690
20240508,603018,9.86,9.8,9.8,9.4,9.52,45026336,431442640.0,33638
20240508,603020,8.08,8.11,8.14,7.97,7.99,5259700,42278176.0,10202
20240508,603022,8.4,8.41,8.48,8.23,8.29,2955600,24662363.0,5174
20240508,603025,13.67,13.59,14.12,13.52,13.59,14210394,195901557.0,27257
20240508,603026,46.9,46.4,46.5,44.59,44.66,3560755,161289283.0,12589
20240508,603027,17.23,17.28,17.33,16.85,16.85,13177750,224217277.0,29215
20240508,603028,7.55,7.58,7.58,7.26,7.29,4055010,29851888.0,7471
20240508,603029,16.4,16.48,16.76,16.31,16.38,2963490,49102247.0,5414
20240508,603032,17.19,17.12,17.19,16.65,16.7,5952492,100414796.0,11120
20240508,603033,14.78,14.79,14.93,13.93,13.97,7839457,111690176.0,19256
20240508,603035,16.0,15.9,15.92,15.6,15.64,5005162,78736938.0,9147
20240508,603037,20.69,20.8,20.82,20.13,20.15,5781799,117443771.0,13652
20240508,603039,38.02,38.06,38.29,36.9,37.08,1808375,68073842.0,6934
20240508,603040,21.96,21.9,22.03,21.42,21.46,1300300,28172731.0,4823
20240508,603041,12.32,12.31,12.5,11.99,12.2,2653420,32372402.0,6719
20240508,603043,18.55,18.49,18.56,18.17,18.22,3489561,63954092.0,7876
20240508,603045,11.99,11.95,12.09,11.79,11.82,3798200,45352690.0,7159
20240508,603048,15.8,15.8,16.46,15.7,15.81,5512078,88333668.0,11614
20240508,603051,27.51,27.7,27.75,26.9,26.93,2548900,69527712.0,9733
20240508,603052,36.16,36.16,36.56,35.26,35.34,1037100,37136580.0,3884
20240508,603053,10.4,10.35,10.5,10.35,10.45,2995251,31284707.0,6948
20240508,603055,11.51,11.48,11.68,11.48,11.58,5587431,64653206.0,13570
20240508,603056,16.3,16.21,16.41,16.08,16.1,4169500,67575204.0,13554
20240508,603057,19.75,19.6,19.75,19.53,19.58,1002900,19680615.0,3833
20240508,603058,8.38,8.31,8.43,8.25,8.29,6529879,54406870.0,7989
20240508,603059,23.67,23.67,24.39,23.53,24.22,1495250,35988157.0,3792
20240508,603060,7.69,7.65,7.67,7.49,7.5,2631044,19861436.0,5117
20240508,603061,64.34,64.44,64.44,63.35,63.79,318500,20313247.0,1658
20240508,603063,20.44,20.38,20.38,19.75,19.78,4745321,94842783.0,11811
20240508,603065,11.03,11.16,11.37,10.77,10.8,4669100,51225419.0,11600
20240508,603066,10.88,10.88,10.9,10.6,10.63,4819800,51802060.0,9357
20240508,603067,12.55,12.3,13.2,12.29,12.7,39243668,507878681.0,42674
20240508,603068,21.49,21.41,21.46,20.88,20.95,2168900,45731988.0,7492
20240508,603070,12.88,12.8,12.99,12.69,12.69,1146606,14681286.0,4306
20240508,603071,14.65,14.68,14.8,14.56,14.59,2295000,33769758.0,6881
20240508,603073,16.88,16.89,17.05,16.83,16.95,1650901,27998320.0,2898
20240508,603076,27.91,27.81,27.95,27.01,27.16,1831312,50152203.0,4693
20240508,603077,2.15,2.15,2.16,2.11,2.12,71529800,152430856.0,19662
20240508,603078,12.95,12.88,13.03,12.67,12.76,4280730,54933608.0,11096
20240508,603079,14.02,13.09,14.48,13.09,13.96,22254853,305561903.0,31260
20240508,603080,15.05,15.05,15.12,14.92,15.0,2445900,36714632.0,4767
20240508,603081,10.66,10.65,10.68,10.38,10.5,2415580,25396078.0,4252
20240508,603083,35.98,35.8,35.83,34.93,35.06,10544214,372001569.0,28783
20240508,603085,10.17,10.2,10.3,9.92,10.16,9470492,95745377.0,11029
20240508,603086,4.44,4.44,4.64,4.44,4.52,14297898,64991102.0,11705
20240508,603087,51.03,50.05,51.07,49.4,50.33,13851225,693099357.0,45357
20240508,603089,10.1,10.08,10.09,9.79,9.84,3311700,32795347.0,8477
20240508,603090,22.07,21.8,22.15,21.75,21.84,998000,21819536.0,2928
20240508,603093,10.87,10.82,10.89,10.75,10.76,3414375,36942801.0,11798
20240508,603095,16.37,16.51,16.51,16.15,16.39,1756040,28684754.0,4329
20240508,603096,18.56,18.5,18.53,18.2,18.25,1737722,31916868.0,5826
20240508,603097,24.0,24.0,24.62,23.58,24.08,4083231,98488460.0,8196
20240508,603098,9.84,9.83,9.97,9.69,9.7,6621120,64878552.0,12530
20240508,603099,20.86,20.81,20.81,20.3,20.33,7050500,144267082.0,14266
20240508,603100,27.83,27.66,27.8,26.65,26.74,4301800,116434664.0,13152
20240508,603101,5.78,5.78,5.79,5.66,5.68,3438460,19613405.0,5395
20240508,603102,36.63,36.43,36.52,35.6,36.28,1695658,61148694.0,4960
20240508,603103,16.16,16.16,16.16,15.53,15.6,3961707,62433022.0,11604
20240508,603105,9.18,9.19,9.4,9.12,9.13,8016970,74081686.0,14864
20240508,603106,5.23,5.23,5.23,5.08,5.09,9219600,47299486.0,13049
20240508,603108,18.53,18.26,18.35,17.87,17.95,18456896,333004190.0,25968
20240508,603109,15.68,15.55,15.65,15.17,15.18,2389420,36707991.0,5430
20240508,603110,17.35,17.3,17.57,16.55,16.7,16513666,280656382.0,23766
20240508,603111,6.34,6.32,6.38,6.15,6.16,14637250,91264131.0,11699
20240508,603112,13.55,13.45,13.56,13.36,13.41,2060012,27723487.0,5459
20240508,603113,7.14,7.1,7.18,7.01,7.02,5594183,39657286.0,12286
20240508,603115,12.64,12.4,12.68,12.4,12.56,1540400,19364724.0,5279
20240508,603116,5.21,5.22,5.22,5.11,5.14,4420940,22782096.0,7192
20240508,603118,7.88,7.86,7.86,7.66,7.66,11155402,86230376.0,17110
20240508,603121,8.84,8.84,8.84,8.57,8.61,7374956,63774735.0,11711
20240508,603122,6.51,6.55,6.66,6.44,6.52,7058542,46148098.0,10094
20240508,603123,7.49,7.49,7.49,7.31,7.33,6103419,45020524.0,13346
20240508,603126,6.33,6.34,6.34,6.16,6.18,12348026,76773931.0,10466
20240508,603127,18.06,18.05,18.74,17.81,18.0,25157646,457160830.0,50095
20240508,603128,6.9,6.9,6.9,6.69,6.72,18743913,126694740.0,21416
20240508,603129,151.0,150.12,154.8,146.0,147.43,1558609,232359699.0,9034
20240508,603130,19.93,19.8,20.09,19.79,19.82,444660,8853798.0,1539
20240508,603131,15.82,15.77,16.33,15.39,15.99,48385976,769707012.0,69391
20240508,603132,13.87,13.74,14.0,13.68,13.71,3652984,50502251.0,12767
20240508,603136,18.51,18.51,18.58,18.08,18.13,2860332,52320836.0,4828
20240508,603138,13.17,13.17,13.17,12.8,12.87,2961500,38242079.0,6781
20240508,603150,28.93,28.95,29.25,28.66,28.87,824863,23832417.0,3159
20240508,603153,19.06,19.05,19.5,18.7,19.25,8008880,154276469.0,14723
20240508,603155,17.9,17.94,17.94,17.4,17.56,1226370,21559316.0,4586
20240508,603156,26.93,26.92,27.04,26.65,26.65,3033239,81362561.0,10858
20240508,603158,8.34,8.33,8.38,8.13,8.14,9513432,78324602.0,17651
20240508,603159,13.0,13.04,13.18,12.76,12.86,1380120,17866007.0,3694
20240508,603162,9.67,9.69,9.99,9.56,9.61,8628696,84008692.0,17745
20240508,603163,27.97,28.03,28.05,27.61,27.7,654150,18186214.0,1699
20240508,603165,12.14,12.15,12.15,11.87,11.96,4146000,49581844.0,7357
20240508,603166,5.98,5.98,5.98,5.88,5.9,3771875,22347980.0,8530
20240508,603167,9.49,9.49,9.49,9.35,9.35,6371966,59921836.0,5924
20240508,603168,9.09,9.03,9.18,8.93,8.99,7980292,72157499.0,9949
20240508,603169,5.43,5.43,5.43,5.33,5.34,9909800,53311001.0,12758
20240508,603170,15.1,15.07,15.1,14.71,14.76,2148300,31898996.0,7323
20240508,603171,25.29,25.38,25.38,24.55,24.6,1173200,29137978.0,6587
20240508,603173,23.58,23.5,23.86,23.24,23.6,2269647,53449754.0,5865
20240508,603176,4.72,4.67,4.74,4.58,4.6,2104700,9742487.0,3577
20240508,603177,8.85,8.75,8.88,8.56,8.78,2725100,23858310.0,5921
20240508,603178,27.81,27.81,27.81,27.09,27.25,4167800,114082075.0,12237
20240508,603179,44.97,44.55,45.5,42.8,42.84,4970878,215592467.0,21488
20240508,603180,22.6,22.61,22.62,22.1,22.14,1089809,24201730.0,4196
20240508,603181,11.35,11.3,11.37,11.14,11.18,3143239,35284125.0,9112
20240508,603182,12.39,12.27,12.39,12.03,12.1,2267653,27485086.0,6138
20240508,603183,3.77,3.76,3.76,3.67,3.67,13611685,50353969.0,6545
20240508,603185,22.67,22.57,22.8,22.17,22.23,4885568,109578527.0,14110
20240508,603186,25.06,24.97,26.77,24.36,25.79,8272931,211607687.0,20587
20240508,603187,15.28,15.27,15.28,14.78,14.82,6960657,104160647.0,15760
20240508,603188,3.28,3.29,3.61,3.13,3.25,65440097,219309384.0,24702
20240508,603189,12.96,12.85,12.88,12.64,12.73,4910800,62565742.0,10435
20240508,603190,30.18,30.0,30.51,29.41,30.38,4467250,134150855.0,11398
20240508,603191,17.2,17.15,17.72,16.95,17.67,13252345,231426200.0,16252
20240508,603192,16.21,16.2,16.38,15.78,15.88,2158400,34533035.0,5660
20240508,603195,124.87,124.88,125.79,122.26,123.34,2001369,248408996.0,12924
20240508,603197,44.13,44.0,44.0,42.74,42.84,6104280,263407451.0,22593
20240508,603198,75.72,75.7,75.71,73.6,74.55,3318597,247018470.0,16794
20240508,603199,34.06,34.05,34.05,33.11,33.19,2404068,80240744.0,6386
20240508,603200,24.71,24.71,24.71,23.78,23.9,6803309,164362824.0,13147
20240508,603201,30.14,29.81,30.79,29.63,30.62,1426740,43194898.0,5461
20240508,603203,22.42,22.33,22.65,22.18,22.24,2010556,45000380.0,6723
20240508,603206,14.47,14.53,14.54,14.18,14.19,2059800,29446766.0,6363
20240508,603208,23.29,23.29,23.32,22.57,22.63,2615867,59583038.0,8727
20240508,603209,15.94,15.9,16.1,15.61,15.62,5316485,84145788.0,6485
20240508,603211,16.11,16.14,16.21,15.88,15.92,2761700,44268093.0,8389
20240508,603212,12.61,12.62,12.75,12.4,12.43,7046804,88371052.0,16032
20240508,603213,9.91,9.86,10.01,9.69,9.78,4079095,40141079.0,9413
20240508,603214,13.31,13.29,13.4,13.19,13.24,2270940,30184271.0,5862
20240508,603215,16.0,15.88,16.08,15.86,15.9,2331088,37198137.0,2699
20240508,603216,10.44,10.44,10.46,10.27,10.28,1432900,14812453.0,4268
20240508,603217,17.48,17.41,17.8,17.1,17.36,4989128,86754197.0,10289
20240508,603218,12.45,12.45,12.53,12.24,12.25,11318742,140074285.0,12258
20240508,603219,16.0,15.79,16.74,15.71,16.09,18849720,305504497.0,27600
20240508,603220,31.98,31.51,31.8,30.41,30.61,24884778,771226286.0,57502
20240508,603221,10.19,10.2,10.22,9.88,9.95,6664503,66559629.0,14381
20240508,603222,7.01,7.71,7.71,7.71,7.71,7068240,54496130.0,4868
20240508,603225,15.31,15.44,15.48,15.02,15.12,18294218,277765570.0,40994
20240508,603228,25.26,25.3,25.58,24.8,25.13,13211018,332659782.0,37004
20240508,603229,11.99,12.0,12.13,11.75,11.88,8102639,96535818.0,18980
20240508,603230,13.8,13.74,13.74,13.38,13.4,6679400,90302979.0,8599
20240508,603232,14.12,14.08,14.28,13.55,13.61,28875339,399310374.0,35376
20240508,603233,22.27,22.4,22.4,22.02,22.2,5058632,112175875.0,14425
20240508,603235,27.56,27.43,27.88,27.34,27.75,990817,27465176.0,3521
20240508,603236,41.75,41.46,41.68,40.26,40.33,5563204,226729458.0,16570
20240508,603237,28.5,28.46,28.68,28.31,28.36,762500,21701326.0,2364
20240508,603238,11.7,11.7,11.73,11.51,11.58,1752530,20353720.0,4820
20240508,603239,16.38,16.58,16.59,16.23,16.4,2918486,47983537.0,9301
20240508,603255,34.55,34.55,34.79,33.4,33.4,544900,18482015.0,1997
20240508,603256,7.31,7.3,7.32,7.16,7.18,3371100,24302584.0,8259
20240508,603258,19.04,18.94,19.0,18.4,18.49,3815550,71221190.0,12405
20240508,603259,45.65,45.4,45.58,44.66,44.71,62605726,2812362148.0,123166
20240508,603260,51.53,51.5,52.97,50.71,52.14,4758044,247476242.0,15083
20240508,603266,20.8,20.71,20.78,20.13,20.38,7952600,161469169.0,19342
20240508,603267,35.89,35.7,35.79,34.85,34.9,4560266,160533912.0,15214
20240508,603269,15.45,15.47,15.86,15.05,15.15,8550500,131456092.0,14900
20240508,603272,11.59,11.54,11.55,11.1,11.21,2221836,25044457.0,4457
20240508,603277,33.09,32.8,33.24,32.44,32.92,1109890,36369742.0,6208
20240508,603278,9.0,9.03,9.03,8.62,8.66,5044360,44185021.0,10514
20240508,603279,23.97,23.88,24.04,23.69,23.78,4502080,107318044.0,13000
20240508,603280,20.44,20.51,20.55,20.16,20.2,1514600,30752143.0,3509
20240508,603281,26.4,26.41,26.41,25.61,25.62,1875846,48575329.0,5280
20240508,603282,20.98,20.98,21.15,20.67,20.71,828553,17305417.0,2835
20240508,603283,75.41,75.01,75.59,72.17,73.31,8134949,599556449.0,32748
20240508,603286,19.25,19.58,20.52,19.09,19.7,14414467,284821390.0,27172
20240508,603288,39.73,39.68,39.76,38.95,39.09,7409073,290600772.0,24608
20240508,603289,9.89,9.86,9.86,9.51,9.51,8700720,84105571.0,8203
20240508,603290,133.3,132.95,132.97,128.01,129.48,4105976,533752187.0,21531
20240508,603291,14.06,14.06,14.17,13.88,14.08,3402048,47764047.0,5797
20240508,603297,75.18,76.46,79.79,74.93,74.95,1434500,109581937.0,7395
20240508,603298,32.0,32.04,32.15,31.42,31.76,4626141,146619760.0,16407
20240508,603299,9.85,9.79,9.98,9.78,9.78,11913782,117236801.0,19479
20240508,603301,22.56,22.11,22.87,22.01,22.58,2359696,53096954.0,8769
20240508,603303,13.82,13.95,13.95,13.5,13.55,1167768,15936431.0,3744
20240508,603307,40.05,40.15,40.38,39.44,39.49,347100,13827883.0,1207
20240508,603308,15.54,15.6,15.71,15.15,15.3,11598607,179036408.0,21821
20240508,603309,12.72,12.67,13.1,12.64,12.82,6770797,87029749.0,13534
20240508,603311,10.13,9.86,9.98,9.6,9.68,15266009,149045568.0,14598
20240508,603313,8.63,8.63,8.63,8.41,8.52,6179648,52559561.0,10448
20240508,603315,12.96,12.95,12.97,12.45,12.5,2280300,28802487.0,5686
20240508,603316,4.55,4.58,4.63,4.44,4.45,4669600,20999018.0,5139
20240508,603317,14.39,14.39,14.44,14.24,14.3,5254731,75282549.0,14500
20240508,603318,6.56,6.56,6.68,6.53,6.6,6998079,46291395.0,9737
20240508,603319,17.89,17.7,18.08,17.51,17.77,4314190,76918663.0,5870
20240508,603320,13.48,13.47,13.81,13.46,13.64,2890000,39498832.0,7653
20240508,603321,7.68,7.65,7.67,7.53,7.64,6852158,52174940.0,7276
20240508,603322,31.9,31.85,31.85,30.8,30.97,4332200,135093945.0,10988
20240508,603323,4.78,4.78,4.82,4.73,4.75,23765894,113491436.0,20646
20240508,603324,26.72,26.72,26.73,25.74,25.82,2140620,55785166.0,5838
20240508,603326,7.18,7.18,7.19,6.97,6.98,5009000,35367747.0,8161
20240508,603327,15.54,15.4,15.98,15.16,15.52,26226414,408143806.0,45179
20240508,603328,7.34,7.34,7.34,7.18,7.19,11014800,79943331.0,17498
20240508,603331,11.06,11.05,11.11,10.79,10.81,3101260,33858776.0,5631
20240508,603332,8.37,8.37,8.62,8.27,8.44,8441212,71109675.0,12564
20240508,603333,4.04,4.03,4.06,3.92,3.93,13703928,54458970.0,15169
20240508,603335,4.88,4.87,4.94,4.8,4.82,5854900,28548750.0,7677
20240508,603337,28.89,29.0,29.58,28.38,29.06,4860528,140271763.0,18271
20240508,603338,67.64,67.3,68.74,66.91,67.2,3677913,248562213.0,18179
20240508,603339,10.66,10.66,10.68,10.39,10.42,3693898,38707754.0,7656
20240508,603345,98.5,98.3,98.45,95.73,96.02,3701700,357403604.0,17032
20240508,603348,32.52,32.66,32.66,31.58,32.03,6000785,191572607.0,22780
20240508,603351,25.9,25.96,26.44,25.41,25.52,426200,11031488.0,1524
20240508,603353,17.0,17.18,17.26,16.59,16.6,4498383,75845143.0,9829
20240508,603355,27.95,28.05,28.47,27.78,28.14,2360632,66273012.0,9157
20240508,603357,11.14,11.1,11.1,10.58,10.8,27726524,299344544.0,23866
20240508,603359,4.71,4.74,4.74,4.61,4.68,8407600,39335642.0,9849
20240508,603360,15.15,15.14,15.26,14.88,15.03,4174862,62817055.0,7600
20240508,603365,18.74,18.78,18.89,18.25,18.35,2849900,52883060.0,7557
20240508,603366,4.66,4.66,4.68,4.54,4.55,11314325,51846485.0,12696
20240508,603367,16.76,16.71,16.95,16.66,16.74,3880164,65199464.0,10476
20240508,603368,23.07,22.97,23.15,22.63,22.75,4125361,94104884.0,15952
20240508,603369,58.17,58.0,58.24,56.82,56.93,3033213,173894326.0,15312
20240508,603378,6.37,6.4,6.6,6.1,6.12,16977190,106365956.0,19838
20240508,603379,46.13,45.98,46.53,45.25,45.47,5078240,231850425.0,18024
20240508,603380,20.94,20.71,21.0,20.6,20.65,1506100,31335547.0,6509
20240508,603383,37.97,38.05,38.05,36.6,36.63,4021001,148647401.0,9815
20240508,603385,6.36,6.39,6.44,6.2,6.24,3820130,24048854.0,7645
20240508,603386,10.41,10.41,10.41,10.2,10.21,2577194,26501410.0,6258
20240508,603387,9.84,9.84,10.09,9.76,9.85,6466496,64041323.0,12644
20240508,603390,7.81,7.84,7.84,7.64,7.64,3821800,29435118.0,8600
20240508,603392,70.23,70.5,70.69,68.4,68.65,4444646,308444644.0,14756
20240508,603393,34.41,34.5,34.87,33.92,33.98,3376001,115791065.0,10847
20240508,603396,40.3,40.3,40.65,39.5,39.51,1905900,76279931.0,7389
20240508,603399,7.68,7.61,7.84,7.51,7.7,12128900,92952552.0,20053
20240508,603408,16.56,16.56,16.64,16.37,16.5,2675400,44183436.0,9781
20240508,603416,29.94,29.97,30.03,29.14,29.16,1155900,34114535.0,3973
20240508,603421,5.65,5.64,5.65,5.47,5.48,12894320,71213648.0,16079
20240508,603429,5.88,5.89,5.9,5.75,5.77,2732858,15889545.0,7044
20240508,603439,16.43,16.52,16.52,16.02,16.07,6370201,103248087.0,17665
20240508,603444,200.24,199.0,201.58,196.37,196.6,1322019,262241625.0,8576
20240508,603456,16.49,16.45,16.63,16.23,16.36,13427573,220168094.0,27722
20240508,603458,6.28,6.28,6.34,6.18,6.19,4875439,30435179.0,4874
20240508,603466,11.18,11.13,11.13,10.75,10.78,13091116,142434034.0,13376
20240508,603477,34.17,34.02,37.14,34.02,36.41,9109723,325742283.0,27122
20240508,603486,49.87,49.75,50.5,48.66,49.25,8789374,433820663.0,32630
20240508,603489,37.02,36.97,37.47,36.15,36.15,920707,33639897.0,4739
20240508,603496,28.38,28.05,28.33,26.96,27.09,17100210,469357161.0,41186
20240508,603499,17.85,17.85,19.64,17.85,18.93,19551497,371942833.0,33248
20240508,603500,8.42,8.32,8.45,8.15,8.17,5332560,44130410.0,4949
20240508,603501,103.94,104.35,104.6,102.7,102.92,5725374,592505341.0,23629
20240508,603505,35.6,35.27,35.68,34.55,34.73,7054159,247191597.0,22356
20240508,603506,9.85,9.66,9.8,9.11,9.16,16306590,151401318.0,13655
20240508,603507,31.16,31.08,31.46,30.34,30.89,5250772,162579009.0,17672
20240508,603508,22.15,22.14,22.14,21.2,21.42,7384328,158321819.0,11141
20240508,603511,14.6,14.5,14.63,14.11,14.19,1746900,24983392.0,6086
20240508,603515,19.21,19.0,19.53,18.95,19.01,2407477,46118182.0,11336
20240508,603516,34.0,33.97,33.99,32.65,33.18,8522397,282718982.0,15198
20240508,603517,21.08,21.05,21.25,20.81,20.86,9758000,204739126.0,22165
20240508,603518,10.56,10.56,10.56,10.13,10.13,14222990,145827959.0,12019
20240508,603519,12.98,12.99,13.2,12.92,13.14,5248840,68861529.0,7278
20240508,603520,12.87,12.86,13.05,12.81,12.94,5682171,73679327.0,16240
20240508,603527,8.69,8.69,8.69,8.46,8.46,6671800,56994947.0,10098
20240508,603528,6.92,6.89,7.05,6.74,6.75,18436439,125947432.0,25342
20240508,603529,36.17,36.13,36.13,34.91,35.58,6152710,217415041.0,22764
20240508,603530,20.41,20.37,20.7,20.0,20.04,6771899,137726247.0,19270
20240508,603533,24.02,23.31,23.42,22.65,22.76,26186269,600188200.0,51271
20240508,603535,17.11,17.01,17.15,16.85,17.01,1827018,31112800.0,5467
20240508,603536,9.93,9.92,10.01,9.78,9.79,6778440,66898389.0,12262
20240508,603538,14.72,14.8,14.88,14.21,14.64,11045941,161056229.0,19270
20240508,603551,11.76,11.7,11.81,11.53,11.55,3583365,41833948.0,6044
20240508,603556,45.6,45.5,46.5,44.99,46.36,4356375,200592961.0,18967
20240508,603557,1.67,1.66,1.75,1.66,1.75,7511000,13049056.0,922
20240508,603558,11.6,11.55,11.71,11.42,11.61,5945000,68718465.0,10702
20240508,603565,9.0,9.0,9.12,8.89,8.93,5269458,47379787.0,9509
20240508,603566,17.37,17.32,18.65,17.32,18.52,7869120,142939498.0,17152
20240508,603567,12.39,12.38,12.56,12.2,12.43,8708700,108099056.0,16907
20240508,603568,21.75,21.75,21.83,21.4,21.53,4772831,102995640.0,15280
20240508,603569,9.69,9.7,9.7,9.46,9.49,9012480,86015573.0,16832
20240508,603577,7.97,7.96,7.96,7.78,7.8,4585932,36074273.0,9783
20240508,603578,13.65,13.65,13.85,13.4,13.4,1075600,14613298.0,2202
20240508,603579,24.63,24.34,25.0,24.28,24.29,2254300,55370055.0,5958
20240508,603583,21.99,21.75,22.28,21.61,22.12,5644191,124189203.0,13187
20240508,603585,12.48,12.4,12.64,12.4,12.49,1005600,12599018.0,2219
20240508,603586,13.21,13.23,13.23,12.86,12.89,2869100,37318461.0,5313
20240508,603587,12.86,12.81,12.89,12.66,12.66,1413660,18014292.0,3260
20240508,603588,7.05,7.07,7.17,6.95,7.0,19559057,137796129.0,13872
20240508,603589,43.68,43.56,43.82,42.75,42.82,6480463,279646548.0,20497
20240508,603590,31.46,31.5,33.15,31.42,31.86,3110000,99898627.0,12928
20240508,603595,21.82,22.04,22.1,21.26,21.4,2856008,61573769.0,11285
20240508,603596,57.19,56.77,57.17,56.06,56.13,2919133,164765510.0,13506
20240508,603598,15.92,15.85,15.85,15.1,15.12,17524194,267931036.0,30085
20240508,603599,15.64,15.7,15.73,15.31,15.38,5691441,87779986.0,12273
20240508,603600,12.1,12.16,12.19,11.95,12.08,3121686,37709073.0,9177
20240508,603601,3.37,3.37,3.37,3.29,3.29,16640620,55210880.0,14917
20240508,603602,12.15,12.19,12.2,11.82,11.85,2586260,30957062.0,6587
20240508,603605,114.6,114.59,115.32,113.1,113.6,1630699,185878992.0,10241
20240508,603606,44.94,44.81,46.43,44.3,45.5,10901182,495849521.0,37944
20240508,603607,14.44,14.47,14.59,14.21,14.28,2795264,40149602.0,5892
20240508,603609,7.35,7.39,7.52,7.31,7.43,7023280,52153723.0,13362
20240508,603610,12.5,12.5,12.6,12.32,12.36,5993404,74596248.0,12035
20240508,603611,21.55,21.37,21.7,21.25,21.35,3418093,73151975.0,5676
20240508,603612,14.79,14.99,15.34,14.8,14.82,18125238,273045002.0,18809
20240508,603613,27.45,27.18,27.3,26.29,26.8,24198478,648256951.0,38215
20240508,603615,15.37,15.33,15.95,15.15,15.29,4040300,62469012.0,10355
20240508,603616,3.62,3.6,3.62,3.51,3.52,9930800,35311659.0,8350
20240508,603617,6.42,6.45,6.45,6.29,6.31,4604740,29134830.0,10074
20240508,603618,5.19,5.18,5.26,5.15,5.18,8111468,42286540.0,11353
20240508,603619,24.83,24.5,25.44,24.45,25.0,13528100,338323269.0,31292
20240508,603626,6.39,6.33,6.36,6.24,6.26,16089708,101138911.0,22394
20240508,603628,16.06,15.89,16.45,15.81,16.3,23572836,381907951.0,34262
20240508,603629,24.78,24.52,24.95,24.26,24.42,4866216,119602724.0,13104
20240508,603630,13.09,13.18,13.18,12.79,12.93,3009311,39019130.0,9812
20240508,603633,8.11,8.14,8.35,8.02,8.14,13722999,112609115.0,16404
20240508,603636,8.97,8.95,8.95,8.56,8.57,13864000,120423290.0,17270
20240508,603637,7.11,7.09,7.16,6.99,7.0,2887542,20382581.0,3743
20240508,603638,17.26,17.25,17.44,17.2,17.21,1790680,30959201.0,7055
20240508,603639,15.6,15.61,15.72,15.38,15.47,2636304,40884767.0,5755
20240508,603648,9.16,9.13,9.15,8.96,9.0,5436100,49182726.0,8649
20240508,603650,29.67,29.51,29.7,28.82,29.05,6537400,190423206.0,18603
20240508,603655,16.3,16.29,16.29,15.83,15.95,1109000,17752961.0,3738
20240508,603656,12.72,12.7,12.7,12.31,12.33,3314192,41374356.0,7103
20240508,603657,15.28,15.11,16.81,14.9,16.37,21134193,332669348.0,31386
20240508,603658,57.6,57.6,57.86,56.56,56.59,4031299,229673430.0,16957
20240508,603659,19.12,19.12,19.12,18.72,18.96,21156793,400482722.0,29040
20240508,603660,6.76,6.72,6.74,6.51,6.53,16331546,107882296.0,17077
20240508,603661,47.49,46.92,49.0,46.5,47.56,2337440,112096300.0,7951
20240508,603662,30.28,30.0,30.0,28.8,28.92,7505075,219108065.0,18384
20240508,603663,19.39,19.05,19.25,18.09,18.8,38658391,725745682.0,52217
20240508,603665,19.58,19.53,19.6,19.03,19.07,1108000,21299740.0,2635
20240508,603666,22.39,22.46,22.48,21.23,21.3,3384664,73236818.0,11859
20240508,603667,17.99,17.8,17.8,17.11,17.18,13144700,228303292.0,21373
20240508,603668,14.73,14.71,15.43,14.66,15.19,9253326,140431872.0,15247
20240508,603669,4.78,4.77,4.84,4.7,4.75,3242884,15480534.0,5813
20240508,603676,9.54,9.53,9.75,9.43,9.7,8430100,81198324.0,17455
20240508,603677,12.77,12.79,12.98,12.59,12.6,3652400,46588274.0,5109
20240508,603678,25.23,25.18,25.18,24.63,25.0,12833435,319396179.0,30828
20240508,603679,12.98,12.94,13.19,12.72,12.77,8439183,108630340.0,10465
20240508,603680,8.29,8.23,8.38,8.2,8.22,1901749,15730665.0,6627
20240508,603681,15.43,15.35,15.5,15.17,15.27,6919297,105861516.0,18205
20240508,603682,4.74,4.71,4.75,4.61,4.65,7031000,32952738.0,9305
20240508,603683,10.11,10.01,10.11,9.8,9.88,6526672,64635090.0,10272
20240508,603686,8.94,8.94,8.96,8.83,8.84,3645900,32390276.0,7505
20240508,603687,10.86,10.86,10.86,10.63,10.65,2665100,28563944.0,5147
20240508,603688,72.37,72.3,72.58,71.5,72.04,6786903,487860542.0,21336
20240508,603689,9.15,9.12,9.19,9.06,9.09,2651250,24205572.0,6124
20240508,603693,11.68,11.66,11.94,11.61,11.63,9971994,117342981.0,14980
20240508,603696,8.96,8.92,8.99,8.73,8.73,7698047,67944247.0,5831
20240508,603697,6.84,6.83,6.87,6.75,6.78,2796820,19042210.0,7597
20240508,603698,13.54,13.43,13.48,13.13,13.15,3728230,49400597.0,8794
20240508,603699,19.16,19.12,19.54,18.9,19.09,4587058,87866711.0,13272
20240508,603700,11.38,11.35,11.35,11.11,11.15,1747530,19592461.0,4495
20240508,603701,11.34,11.37,11.37,11.04,11.13,2841200,31817063.0,6721
20240508,603703,11.46,11.39,11.46,11.15,11.24,5595870,62925057.0,8435
20240508,603706,16.25,16.22,16.29,15.95,16.07,2909400,46763741.0,4778
20240508,603707,13.69,13.74,13.85,13.5,13.5,4936157,67154631.0,12083
20240508,603708,10.7,10.71,10.84,10.61,10.62,3234036,34621815.0,6648
20240508,603709,14.35,14.3,14.41,13.97,14.1,1269640,17972779.0,3219
20240508,603711,19.43,18.44,19.3,18.14,18.9,11519547,214185176.0,19407
20240508,603712,23.44,23.34,23.99,22.8,23.74,20423096,479926533.0,36158
20240508,603713,60.18,60.08,63.0,58.34,61.35,3642000,222126270.0,11923
20240508,603716,7.63,7.64,8.22,7.63,7.77,16657349,130366155.0,20633
20240508,603717,6.65,6.6,6.78,6.59,6.75,6389400,42857607.0,7443
20240508,603718,8.52,8.55,9.05,8.5,8.74,12895380,113502948.0,19758
20240508,603719,15.72,15.66,15.75,15.45,15.48,4393400,68468457.0,10939
20240508,603722,43.41,43.41,43.43,41.9,42.2,736523,31312126.0,2368
20240508,603725,9.85,9.8,10.35,9.69,9.81,8533600,84786829.0,16099
20240508,603726,13.77,13.75,14.0,13.65,13.84,7655996,105606692.0,11065
20240508,603727,15.55,15.55,15.92,15.38,15.53,4632000,72313642.0,10743
20240508,603728,57.96,57.62,57.62,55.12,55.27,4878470,272967090.0,19834
20240508,603729,19.31,19.28,19.35,18.27,18.37,6800831,126657027.0,14144
20240508,603730,12.82,12.94,13.02,12.65,12.86,9995351,128792633.0,18001
20240508,603733,19.7,19.72,19.76,19.04,19.18,8361600,160962280.0,27740
20240508,603737,36.67,36.66,36.66,34.7,34.78,5814540,204928116.0,18378
20240508,603738,13.94,13.95,13.95,13.6,13.64,4514332,61948407.0,9321
20240508,603739,16.79,18.47,18.47,18.47,18.47,16761077,309577092.0,4315
20240508,603755,23.46,23.35,23.8,23.1,23.31,940798,22028994.0,3157
20240508,603757,21.79,21.75,21.8,21.29,21.41,1459058,31445062.0,2829
20240508,603759,7.13,7.12,7.14,7.06,7.07,1963096,13927227.0,4522
20240508,603766,7.04,7.03,7.19,6.92,7.11,41946927,295933167.0,37741
20240508,603767,14.52,14.48,14.48,14.15,14.18,4844000,69115777.0,9513
20240508,603768,14.27,14.29,14.4,14.12,14.15,1842900,26294308.0,5327
20240508,603773,27.78,27.4,27.6,26.61,26.97,3852016,103958797.0,8215
20240508,603777,11.44,11.44,11.52,11.28,11.3,2044200,23271944.0,5888
20240508,603778,3.48,3.5,3.52,3.33,3.35,16905800,57309561.0,7331
20240508,603779,9.49,9.45,9.52,9.26,9.26,7230550,67751468.0,9495
20240508,603786,76.03,75.96,76.75,74.82,75.87,1052143,79552887.0,6957
20240508,603787,11.35,11.34,11.36,10.95,11.13,4487000,49760351.0,7274
20240508,603788,14.13,14.05,14.1,13.73,13.79,4131800,57371192.0,8936
20240508,603797,4.1,4.1,4.12,4.04,4.04,9013688,36690618.0,6427
20240508,603798,10.27,10.26,10.37,10.05,10.1,7991020,81258126.0,9918
20240508,603799,29.39,29.14,29.24,28.82,28.87,21168313,613498048.0,32203
20240508,603800,23.91,23.9,25.19,23.57,23.76,2435900,59255878.0,5697
20240508,603801,15.75,15.7,15.7,15.15,15.18,4395621,67586077.0,10360
20240508,603803,7.14,7.12,7.16,6.95,6.96,6997090,49176374.0,12731
20240508,603806,27.52,27.65,27.65,26.75,27.01,8256783,223010142.0,21776
20240508,603808,8.08,8.07,8.08,7.86,7.89,3493390,27775853.0,6596
20240508,603809,13.15,14.2,14.47,13.35,13.72,48495605,674243143.0,59033
20240508,603810,11.36,11.3,11.38,11.02,11.08,5074160,56601803.0,9448
20240508,603811,8.52,8.54,8.57,8.42,8.47,3489600,29679067.0,9103
20240508,603817,5.53,5.51,5.56,5.49,5.49,3558800,19633524.0,7728
20240508,603818,3.55,3.55,3.56,3.46,3.47,6048300,21118321.0,9386
20240508,603822,22.93,22.85,23.17,22.39,22.66,2110680,48043648.0,4918
20240508,603823,9.69,10.66,10.66,10.66,10.66,3983314,42462127.0,1163
20240508,603825,9.62,9.5,9.85,9.29,9.34,10635700,100599510.0,17546
20240508,603826,45.79,45.66,45.8,45.16,45.36,803900,36541749.0,4694
20240508,603829,13.23,13.15,13.23,12.96,12.98,1581300,20677696.0,4221
20240508,603833,66.85,66.85,67.53,65.36,65.48,1882363,124428830.0,7521
20240508,603836,12.92,12.9,13.06,12.66,12.8,3591700,46065720.0,7091
20240508,603839,5.58,5.58,5.58,5.4,5.43,3260280,17818198.0,6924
20240508,603848,15.13,15.13,15.13,14.6,14.64,3381106,49990733.0,8816
20240508,603855,21.58,21.5,22.32,21.44,21.87,3135574,68884251.0,12400
20240508,603856,11.0,11.02,11.03,10.84,10.86,1569560,17111234.0,3183
20240508,603858,16.88,16.88,17.0,16.76,16.86,5120500,86417929.0,12672
20240508,603859,37.4,37.14,37.24,36.47,36.78,3471407,127402478.0,12074
20240508,603860,27.86,27.8,27.8,27.0,27.23,3848800,104867676.0,9404
20240508,603861,8.74,8.7,8.9,8.61,8.68,8050971,70482395.0,9320
20240508,603866,6.26,6.25,6.33,6.2,6.24,12405013,77582624.0,16768
20240508,603867,29.01,28.91,29.12,28.21,28.25,2311660,66186819.0,7238
20240508,603868,46.5,46.1,46.3,44.68,44.76,2337700,105653008.0,7506
20240508,603871,26.55,26.52,26.52,25.83,25.97,5629290,147262724.0,16835
20240508,603876,11.23,11.26,11.72,11.06,11.65,38736688,445784156.0,41634
20240508,603877,15.7,15.71,15.81,15.48,15.57,2609600,40718218.0,6874
20240508,603878,8.45,8.49,8.65,8.4,8.57,4771963,40824042.0,10422
20240508,603881,18.75,18.76,18.76,18.13,18.19,5096268,93328779.0,9909
20240508,603882,40.85,41.19,41.29,39.42,39.61,6924490,277041910.0,27723
20240508,603883,35.38,35.26,36.0,35.15,35.46,4051088,144222212.0,17988
20240508,603885,12.5,12.45,12.6,12.2,12.26,17877800,221442419.0,18813
20240508,603886,16.64,16.65,16.68,16.5,16.6,1757699,29173861.0,5862
20240508,603888,24.08,23.98,23.98,23.11,23.15,10538577,245906517.0,19899
20240508,603889,7.7,7.7,7.86,7.6,7.63,2937480,22547790.0,7146
20240508,603890,8.98,9.0,9.0,8.66,8.74,10632670,93663444.0,19078
20240508,603893,57.73,57.63,58.15,56.79,57.0,2676450,153322525.0,12365
20240508,603895,19.74,19.74,19.84,19.16,19.18,885660,17176496.0,2840
20240508,603896,27.46,27.44,27.59,26.98,27.08,2305820,62635699.0,7041
20240508,603897,21.0,21.0,21.16,20.7,20.74,4336894,90451335.0,10843
20240508,603898,8.94,8.94,9.0,8.64,8.7,2456387,21521981.0,4996
20240508,603899,37.77,37.82,38.05,36.7,36.91,5960124,221125504.0,24735
20240508,603900,6.5,6.4,7.15,6.28,7.15,66702091,456857954.0,54200
20240508,603901,9.45,9.23,9.46,8.93,8.97,18913460,171835509.0,25282
20240508,603903,8.56,8.56,8.69,8.49,8.57,5719508,49059927.0,8057
20240508,603906,10.3,10.34,10.34,10.0,10.03,12338840,125033502.0,22921
20240508,603908,33.87,33.73,35.12,33.6,34.02,1817800,62518321.0,5255
20240508,603909,10.26,10.35,10.35,10.08,10.15,1840100,18779567.0,7057
20240508,603912,7.39,7.42,7.43,7.2,7.21,6454440,46942238.0,8914
20240508,603915,14.04,14.52,15.15,14.52,14.9,17325844,257497928.0,32306
20240508,603916,8.61,8.56,8.68,8.4,8.43,5281884,45012422.0,10337
20240508,603917,14.13,14.13,14.13,13.85,13.9,1203600,16803551.0,3587
20240508,603918,13.93,13.87,13.87,13.46,13.49,9865208,134255765.0,17587
20240508,603919,22.12,22.1,22.23,21.8,21.89,4326480,94984635.0,14715
20240508,603926,10.15,10.14,10.15,10.0,10.02,2257090,22747214.0,6968
20240508,603927,28.68,28.68,28.68,28.01,28.17,7326034,206893965.0,14836
20240508,603928,14.4,15.84,15.84,15.84,15.84,2600520,41192237.0,970
20240508,603929,27.98,27.8,28.27,27.37,27.83,4495100,125242008.0,8060
20240508,603931,21.33,21.3,23.46,21.08,23.46,5112505,114959960.0,9383
20240508,603933,14.8,14.6,14.67,14.28,14.31,7039396,101578184.0,14099
20240508,603936,7.96,7.94,7.98,7.81,7.85,11149600,87962895.0,15523
20240508,603937,9.64,9.66,9.82,9.51,9.56,4422450,42639741.0,7330
20240508,603938,14.35,14.17,14.45,14.1,14.12,2164330,30793352.0,6583
20240508,603939,45.44,45.36,45.47,44.96,45.02,2765539,124898585.0,16347
20240508,603948,19.98,20.0,20.2,19.74,19.77,1123800,22441549.0,3643
20240508,603949,15.34,15.37,15.52,15.21,15.23,1773515,27231286.0,6553
20240508,603950,15.64,15.55,15.7,15.11,15.19,5412360,83042519.0,9575
20240508,603956,6.78,6.76,6.83,6.66,6.7,3317410,22366013.0,7547
20240508,603960,28.21,27.3,27.3,25.39,25.94,42145329,1101529028.0,79086
20240508,603966,8.24,8.21,8.35,8.11,8.14,4402432,36198663.0,7551
20240508,603967,10.86,10.86,10.87,10.61,10.73,7124080,76338729.0,6623
20240508,603968,13.6,13.46,14.45,13.42,14.12,16373928,228697296.0,19859
20240508,603969,6.07,6.06,6.07,5.89,5.91,14071077,83834840.0,12947
20240508,603970,19.31,19.34,21.2,19.34,20.48,10655182,218465439.0,14085
20240508,603976,16.4,16.42,17.09,16.26,16.41,2694740,44611667.0,5950
20240508,603977,12.83,12.78,13.19,12.71,13.07,13285068,173307033.0,19514
20240508,603978,11.67,11.58,11.58,11.18,11.33,2488747,28230255.0,6678
20240508,603979,52.39,52.79,52.95,51.55,52.25,3941317,206160381.0,18557
20240508,603980,4.69,4.88,4.88,4.63,4.7,45455987,215458595.0,30400
20240508,603982,10.27,10.26,10.28,9.96,10.01,3579353,36140582.0,8850
20240508,603983,32.21,32.21,32.39,31.32,31.6,2872190,90852877.0,13287
20240508,603985,18.09,18.08,18.1,17.66,17.69,8078439,143882353.0,18858
20240508,603986,84.03,84.0,84.0,81.52,81.99,18668070,1541193924.0,61275
20240508,603987,8.09,8.1,8.17,7.96,8.02,6269710,50452687.0,13128
20240508,603989,15.32,15.39,15.4,14.76,14.81,6046929,90510309.0,13335
20240508,603990,10.42,10.33,10.47,10.15,10.19,4756695,48901405.0,8532
20240508,603992,19.09,18.5,18.83,17.89,18.49,1663585,30840879.0,6320
20240508,603993,8.83,8.76,8.99,8.6,8.83,190674443,1674154344.0,120897
20240508,603995,19.44,19.31,19.37,18.6,18.64,5467036,103317089.0,11467
20240508,603997,13.66,13.67,13.73,13.37,13.4,4488700,60565430.0,12168
20240508,603998,12.23,12.22,12.29,12.01,12.03,3213300,38882112.0,9430
20240508,603999,5.69,5.68,5.69,5.55,5.56,6412200,35831816.0,9861
20240508,605001,5.96,5.94,6.02,5.82,5.93,13628230,80779954.0,11481
20240508,605003,17.59,17.46,17.55,17.15,17.15,1749775,30194767.0,2845
20240508,605005,17.44,17.45,17.56,17.22,17.25,1317900,22872099.0,4859
20240508,605006,5.81,5.8,5.86,5.73,5.75,3156920,18266711.0,4335
20240508,605007,15.69,15.82,15.82,15.46,15.62,2413491,37710523.0,8133
20240508,605008,15.96,15.94,15.98,15.69,15.82,1394220,22026257.0,4352
20240508,605009,43.85,43.9,44.11,42.71,42.94,1217353,52690713.0,6177
20240508,605011,27.48,27.37,29.3,27.21,28.12,14947296,424690079.0,31884
20240508,605016,28.73,28.73,28.87,28.02,28.31,1296500,36970729.0,5885
20240508,605018,10.12,10.13,10.34,10.06,10.14,6689115,68305315.0,12545
20240508,605020,26.7,26.67,26.9,26.14,26.17,6323251,167043556.0,15466
20240508,605033,15.42,15.48,15.52,15.15,15.21,1123600,17201246.0,3395
20240508,605050,10.93,10.93,10.95,10.69,10.77,3542200,38218631.0,6834
20240508,605055,5.2,5.17,5.2,5.05,5.06,4727022,24069576.0,4878
20240508,605056,13.54,13.42,13.52,13.17,13.18,4664800,62090873.0,9660
20240508,605058,18.63,18.5,18.74,18.4,18.57,1079800,20081729.0,3677
20240508,605060,17.34,17.29,17.41,16.9,16.97,1500300,25654407.0,4424
20240508,605066,7.82,7.82,7.87,7.72,7.74,2996400,23288860.0,6155
20240508,605068,17.05,17.16,17.16,16.76,16.8,835400,14130967.0,3236
20240508,605069,7.76,7.66,7.83,7.38,7.44,8878540,66979082.0,12417
20240508,605080,18.79,18.63,18.95,18.5,18.59,1165691,21789544.0,3653
20240508,605086,24.42,24.42,24.43,23.82,24.15,2825700,68150956.0,4901
20240508,605088,25.21,25.0,25.0,24.3,24.45,5303727,130624838.0,10929
20240508,605089,28.92,28.9,28.9,28.4,28.55,454944,13012038.0,1956
20240508,605090,28.03,27.83,28.59,27.37,27.49,6212480,172809537.0,19789
20240508,605098,52.55,52.53,53.4,51.72,52.45,1103185,57856366.0,4835
20240508,605099,24.22,24.05,24.22,23.9,24.16,995200,23993076.0,3597
20240508,605100,13.99,13.99,13.99,13.7,13.7,1960404,27027299.0,4946
20240508,605108,26.69,26.69,26.78,26.0,26.24,2762100,72466612.0,7745
20240508,605111,38.77,38.78,38.98,37.48,37.59,6989705,266134886.0,20719
20240508,605116,25.08,24.6,25.36,24.6,25.14,2066600,51760486.0,9188
20240508,605117,95.69,95.44,95.88,92.56,92.68,4229294,396360759.0,19114
20240508,605118,18.41,18.33,18.35,17.91,18.04,3417400,61832929.0,8413
20240508,605122,11.42,11.41,11.41,11.15,11.17,1050020,11828622.0,2550
20240508,605123,69.4,68.0,68.59,66.51,66.74,1797078,121213921.0,8103
20240508,605128,46.95,47.01,47.03,46.18,46.25,579700,26958399.0,2977
20240508,605133,21.81,21.68,21.97,21.41,21.43,3066000,66516436.0,6631
20240508,605136,7.69,7.65,7.65,7.48,7.5,3859800,29155557.0,8745
20240508,605138,6.23,6.23,6.33,6.15,6.31,4910823,30734543.0,6641
20240508,605151,17.06,17.02,17.09,16.78,16.8,928400,15676153.0,2055
20240508,605155,14.92,14.74,14.91,14.57,14.7,3301397,48615501.0,8329
20240508,605158,7.44,7.43,7.46,7.23,7.27,5259720,38508190.0,11394
20240508,605162,7.54,7.58,7.77,7.49,7.54,8539600,65030453.0,9829
20240508,605166,12.29,12.22,12.48,11.79,11.8,4512500,54012486.0,11162
20240508,605167,9.16,9.17,9.27,9.05,9.06,6224300,56959950.0,9138
20240508,605168,51.62,51.58,51.59,48.2,48.7,5848158,288600556.0,15510
20240508,605169,8.94,8.89,8.98,8.75,8.81,6669381,58922359.0,6615
20240508,605177,27.6,27.57,28.38,27.5,28.05,2934700,81931856.0,5306
20240508,605178,14.43,14.47,14.49,13.94,14.08,2164180,30586806.0,5178
20240508,605179,11.95,11.82,12.16,11.76,11.78,7428058,88565799.0,14270
20240508,605180,16.52,16.5,17.98,15.43,17.07,25380076,420231691.0,43502
20240508,605183,17.65,17.49,17.63,17.08,17.29,4207200,72748296.0,7316
20240508,605186,37.2,37.15,37.25,35.61,35.68,2347300,85096233.0,6270
20240508,605188,7.56,7.58,7.66,7.41,7.45,4351600,32721351.0,9145
20240508,605189,13.43,13.32,13.42,13.07,13.14,1231235,16290830.0,4100
20240508,605196,11.12,11.07,11.14,10.56,10.61,12763200,137130303.0,22018
20240508,605198,45.45,46.0,46.88,43.02,45.3,2145701,97174932.0,7018
20240508,605208,7.56,7.59,7.61,7.47,7.5,4569098,34496116.0,9863
20240508,605218,19.13,19.1,19.1,18.5,18.52,4350660,81288997.0,11743
20240508,605222,19.14,19.12,19.25,18.9,18.92,3540000,67653632.0,8412
20240508,605228,11.05,11.0,11.2,10.81,10.9,3775600,41540167.0,8327
20240508,605255,14.69,14.69,14.7,14.39,14.48,1353997,19686728.0,3431
20240508,605258,21.97,21.77,21.9,21.43,21.46,1249000,26975563.0,5304
20240508,605259,22.51,22.51,22.57,21.9,22.54,1189062,26459698.0,3196
20240508,605266,48.58,48.52,48.58,47.53,47.66,592100,28379330.0,2529
20240508,605268,8.37,8.38,8.45,8.23,8.26,2060442,17192657.0,4952
20240508,605277,16.35,16.24,16.36,15.84,15.89,11026309,176864332.0,23398
20240508,605286,22.23,22.23,22.46,22.08,22.14,1976450,43947601.0,4998
20240508,605287,13.09,13.06,13.17,12.88,12.95,1686580,21906785.0,3048
20240508,605288,36.92,37.01,37.16,36.07,36.4,1251633,45711068.0,3711
20240508,605289,31.5,31.34,31.7,30.6,30.65,2408525,74859765.0,7701
20240508,605296,38.5,38.45,42.35,38.33,41.59,7139533,290982716.0,19587
20240508,605298,12.79,12.8,12.94,12.49,12.53,3127330,39567105.0,4686
20240508,605299,9.89,9.8,10.19,9.73,9.84,8891880,88362293.0,18300
20240508,605300,14.35,14.26,14.37,13.97,14.01,1151800,16259393.0,3057
20240508,605303,8.28,8.3,8.3,8.02,8.11,1624403,13185642.0,2930
20240508,605305,43.67,43.48,43.82,42.8,43.11,1702038,73551459.0,6445
20240508,605318,15.34,15.3,15.33,15.03,15.09,1206700,18274830.0,1725
20240508,605319,22.54,22.59,22.71,21.88,21.93,2421800,53478846.0,9474
20240508,605333,30.66,30.71,30.74,30.0,30.26,4877200,147786633.0,19786
20240508,605336,14.09,14.09,14.14,13.5,13.59,4863255,67184073.0,5930
20240508,605337,13.01,12.9,13.03,12.67,12.71,4508100,57767255.0,7096
20240508,605338,17.76,17.7,17.86,17.51,17.58,918200,16218931.0,4350
20240508,605339,17.28,17.27,17.4,17.12,17.2,1051200,18132922.0,4269
20240508,605358,22.35,22.5,22.69,22.27,22.31,5838652,131022624.0,14147
20240508,605365,18.44,18.43,18.51,17.93,17.96,2684300,48632641.0,10901
20240508,605366,7.35,7.36,7.38,7.14,7.19,6107865,44156303.0,11059
20240508,605368,12.6,12.6,12.71,12.47,12.5,3891260,48936849.0,8918
20240508,605369,53.21,52.28,54.46,52.28,53.0,504940,26879231.0,2901
20240508,605376,23.48,23.49,24.81,23.1,24.71,13294354,320060781.0,26022
20240508,605377,23.41,23.22,23.45,23.1,23.31,2108800,49177032.0,5875
20240508,605378,22.45,22.41,22.73,22.17,22.31,2552106,57415334.0,6101
20240508,605388,9.1,9.05,9.16,8.97,9.07,6112683,55368880.0,10785
20240508,605398,23.12,23.02,23.09,22.25,22.3,1326700,29942573.0,4861
20240508,605399,13.44,13.48,13.57,13.14,13.19,5665417,75338333.0,11005
20240508,605488,14.05,14.03,14.38,13.99,14.0,6002889,84900023.0,15559
20240508,605499,224.52,225.67,228.5,224.55,224.8,1833576,413836003.0,12874
20240508,605500,7.28,7.32,7.35,7.21,7.26,2292592,16678053.0,5426
20240508,605507,18.06,17.8,18.09,17.45,17.84,10651556,188808437.0,18983
20240508,605555,22.11,22.18,22.18,21.45,21.5,4360015,94499986.0,12606
20240508,605566,18.98,18.9,19.35,18.52,18.64,1690700,31873318.0,4870
20240508,605567,9.1,9.09,9.16,8.99,9.06,3093700,28083867.0,3949
20240508,605577,18.25,18.15,18.22,17.69,17.76,6158410,109785820.0,15042
20240508,605580,10.61,10.59,11.09,10.51,10.78,7040780,76204805.0,12051
20240508,605588,39.86,39.97,40.0,39.01,39.4,1228800,48539216.0,4589
20240508,605589,20.48,20.48,20.49,19.77,19.89,11376993,227500067.0,27981
20240508,605598,19.25,20.0,20.2,18.81,18.97,6415423,123686321.0,16656
20240508,605599,15.29,15.25,15.38,15.05,15.13,3462700,52679883.0,8363
20240508,688001,23.09,23.09,23.13,22.25,22.44,1166208,26470861.0,3597
20240508,688002,32.62,32.4,32.54,31.56,31.58,8560828,273248831.0,17565
20240508,688003,36.86,36.71,36.96,36.2,36.36,924105,33789742.0,2170
20240508,688004,18.59,18.87,18.87,18.0,18.02,779783,14213838.0,2057
20240508,688005,31.36,31.26,31.26,30.29,30.31,7615618,233218060.0,12815
20240508,688006,21.86,21.73,21.97,21.25,21.27,3075058,66233301.0,5241
20240508,688007,19.45,19.44,19.49,18.85,18.9,6732571,128243404.0,8458
20240508,688008,50.54,50.44,51.25,49.51,50.87,17325794,876146108.0,38350
20240508,688009,5.64,5.67,5.69,5.57,5.58,17545373,98613125.0,12712
20240508,688010,18.86,18.85,18.85,18.3,18.39,719889,13303218.0,1540
20240508,688011,16.94,16.77,17.18,16.28,16.49,783641,12914782.0,2277
20240508,688012,140.42,139.91,141.0,136.01,136.7,4405078,605495988.0,17820
20240508,688013,17.69,17.69,17.97,17.5,17.6,432073,7648947.0,1409
20240508,688015,19.87,19.45,20.17,19.3,19.78,3499714,68996119.0,4154
20240508,688016,194.56,195.0,199.55,192.34,193.47,1289570,251957023.0,6114
20240508,688017,120.38,119.45,119.45,114.41,114.97,2034165,236863598.0,7416
20240508,688018,107.73,107.59,108.5,106.1,107.0,1396813,149814991.0,5646
20240508,688019,166.32,164.5,166.45,161.0,163.0,1288809,210157534.0,5926
20240508,688020,30.46,30.4,30.55,29.58,29.88,563627,16860166.0,1973
20240508,688021,11.99,12.01,12.03,11.49,11.61,879135,10294317.0,2148
20240508,688022,16.52,16.4,16.48,15.88,15.97,4617589,74258868.0,6124
20240508,688023,58.25,58.25,58.25,56.06,56.2,1171800,66581323.0,3719
20240508,688025,46.01,45.55,45.95,44.35,44.49,1246218,55993191.0,3707
20240508,688026,12.47,12.49,13.22,12.3,12.93,4449907,57051143.0,7181
20240508,688028,18.69,18.62,18.73,18.06,18.12,1785473,32853854.0,3914
20240508,688029,75.88,75.8,77.1,73.98,74.1,1759173,132103356.0,7271
20240508,688030,13.08,12.98,13.04,12.45,12.53,1501578,18915686.0,3486
20240508,688031,46.8,46.95,47.74,44.36,44.41,2915043,133018603.0,7645
20240508,688032,229.95,229.96,233.77,227.75,231.5,599244,138318282.0,3280
20240508,688033,8.42,8.42,8.44,8.12,8.14,17336763,142852900.0,16105
20240508,688035,35.22,35.28,35.36,34.17,34.36,1268393,43942343.0,3136
20240508,688036,140.45,140.45,145.68,138.61,144.09,6882411,988599044.0,26646
20240508,688039,26.8,26.39,26.69,25.7,25.92,2709023,70872174.0,5096
20240508,688045,27.16,27.26,27.26,26.39,26.53,588102,15689825.0,1842
20240508,688046,13.03,13.03,13.28,12.77,12.81,4416727,57196628.0,8037
20240508,688047,85.42,85.5,90.53,85.04,88.23,3644689,322677317.0,9255
20240508,688048,39.44,39.35,39.35,38.05,38.18,2209394,85288430.0,6074
20240508,688049,27.56,27.55,27.55,26.44,26.52,2027311,54338152.0,5500
20240508,688050,151.16,151.0,153.53,148.23,148.27,922362,138488173.0,4337
20240508,688051,20.0,19.9,20.3,19.3,19.42,673973,13204600.0,2285
20240508,688052,99.85,99.85,100.23,95.89,96.24,1383680,134647903.0,6584
20240508,688053,29.58,29.75,30.18,28.53,28.7,1740617,51243208.0,4340
20240508,688055,3.56,3.54,3.56,3.48,3.49,4189690,14725153.0,6750
20240508,688056,25.69,25.55,25.58,24.72,24.9,345105,8669746.0,1180
20240508,688057,11.64,11.66,11.7,11.53,11.62,1084598,12611211.0,1702
20240508,688058,35.65,35.6,35.73,34.55,34.75,369176,12955600.0,1468
20240508,688059,63.56,63.18,66.8,63.18,65.49,1302903,85745084.0,3360
20240508,688060,33.08,32.75,33.25,31.65,31.9,303270,9723621.0,1168
20240508,688061,26.59,26.35,26.65,25.74,25.78,512376,13358521.0,1746
20240508,688062,35.9,35.84,36.19,34.4,34.9,3066773,107491336.0,8195
20240508,688063,82.48,82.48,83.46,81.23,81.5,1542721,126807588.0,5456
20240508,688066,24.89,24.7,25.41,23.89,24.0,18937020,465906006.0,23032
20240508,688067,17.18,17.19,17.39,17.01,17.16,708511,12164157.0,2146
20240508,688068,30.8,30.79,32.88,30.79,32.35,3190013,102913194.0,5096
20240508,688069,14.98,15.19,15.19,14.68,14.77,212641,3149181.0,444
20240508,688070,38.22,36.25,36.7,34.03,34.55,4012559,140168174.0,6838
20240508,688071,30.88,31.13,31.13,29.36,29.54,1829749,54698766.0,3250
20240508,688072,181.86,182.9,183.28,169.52,172.03,2486550,432903436.0,11099
20240508,688075,36.68,36.55,37.08,36.32,36.9,1099563,40512420.0,2416
20240508,688076,60.1,60.0,60.5,58.0,60.04,3643833,216448962.0,12617
20240508,688077,17.6,17.4,18.08,17.36,17.5,1793947,31767181.0,3605
20240508,688078,27.21,27.2,27.2,26.28,26.38,692755,18414903.0,2045
20240508,688079,8.09,8.01,8.08,7.89,7.91,2366564,18858335.0,4198
20240508,688080,36.6,36.48,36.48,35.7,35.92,508779,18334344.0,1782
20240508,688081,10.44,10.44,10.44,9.99,10.02,2878806,29091227.0,3869
20240508,688082,79.55,79.0,80.25,78.08,78.29,1524555,120390289.0,5454
20240508,688083,82.12,82.0,82.33,78.32,78.37,975397,77597433.0,4195
20240508,688084,45.3,45.16,45.55,43.11,43.36,834717,36824906.0,2577
20240508,688087,30.01,29.86,30.75,29.86,30.39,1802410,54802087.0,3099
20240508,688088,34.02,33.8,33.86,32.91,33.0,5069307,168423375.0,10690
20240508,688090,23.84,24.0,24.12,23.22,23.33,507194,11935005.0,1239
20240508,688091,39.33,39.27,40.09,38.62,39.71,2453315,96778276.0,6037
20240508,688092,36.18,36.11,36.66,35.5,35.97,900352,32497869.0,2368
20240508,688093,16.18,16.08,16.49,15.9,16.13,1772188,28671282.0,2543
20240508,688095,61.34,61.34,61.4,58.38,58.84,1814176,107366891.0,5534
20240508,688096,5.99,6.0,6.03,5.88,5.9,1322467,7872576.0,1585
20240508,688097,20.65,20.42,20.65,19.68,19.92,4565961,91592796.0,7086
20240508,688098,5.45,5.5,5.62,5.41,5.52,3689045,20371216.0,3431
20240508,688099,57.66,57.47,57.96,55.9,56.1,4076907,230696783.0,13666
20240508,688100,34.2,34.01,34.08,33.47,33.85,1800792,60772576.0,6260
20240508,688101,13.34,13.34,13.44,13.11,13.14,1622906,21527338.0,3649
20240508,688102,11.36,11.3,11.33,10.72,10.8,11289509,123417778.0,13036
20240508,688103,34.92,34.5,35.35,33.3,33.82,1160776,39703507.0,2642
20240508,688105,28.08,28.0,29.12,27.98,28.76,3632919,103983370.0,7363
20240508,688106,19.44,19.4,19.45,18.91,18.95,4023412,76992592.0,7919
20240508,688107,25.12,24.88,25.38,24.17,24.43,1412694,34666279.0,4833
20240508,688108,12.27,12.28,12.41,12.01,12.05,7144225,86952807.0,6900
20240508,688109,30.52,30.3,30.84,30.2,30.76,546087,16689776.0,1042
20240508,688110,24.52,24.5,24.62,23.85,24.4,9135034,221327028.0,15857
20240508,688111,297.0,298.01,298.01,289.35,293.66,3255156,950019068.0,17739
20240508,688112,34.34,34.5,34.5,33.2,33.36,539319,18095323.0,1546
20240508,688113,35.23,35.23,35.25,34.26,34.4,230584,7967249.0,640
20240508,688114,57.7,60.0,61.52,58.8,59.8,3674492,220311452.0,11704
20240508,688116,32.39,32.0,34.28,30.6,30.67,21407491,688677229.0,24190
20240508,688117,30.33,30.83,30.83,29.71,29.89,780237,23423803.0,1852
20240508,688118,16.68,16.51,16.78,15.94,16.01,2325863,37654397.0,4616
20240508,688119,3.96,3.95,3.96,3.9,3.9,3755719,14728671.0,3416
20240508,688120,176.61,176.1,177.91,174.2,174.88,965984,170109387.0,4655
20240508,688121,17.03,17.09,17.1,16.16,16.28,3126349,51562760.0,4236
20240508,688122,40.87,40.81,40.81,40.01,40.31,6050331,243800435.0,14399
20240508,688123,56.07,56.11,56.4,55.11,55.49,2764129,154027420.0,7869
20240508,688125,30.51,30.21,30.99,29.31,29.36,552129,16478031.0,1473
20240508,688127,19.98,20.1,20.1,19.06,19.11,5783593,111863841.0,10941
20240508,688128,19.43,19.4,19.4,18.94,18.95,3212324,61424680.0,5206
20240508,688129,14.96,14.87,15.18,14.75,14.94,1328803,19837423.0,2973
20240508,688130,31.1,31.1,31.19,30.52,30.65,123429,3802197.0,400
20240508,688131,34.95,34.99,35.85,34.48,35.32,2505838,88299669.0,6550
20240508,688133,30.54,30.72,31.35,29.83,29.92,1487137,45136831.0,4367
20240508,688135,16.83,16.81,16.95,16.4,16.45,1904798,31722824.0,3704
20240508,688136,19.53,19.26,19.55,18.9,19.14,3043317,58548170.0,6447
20240508,688137,40.1,39.5,44.44,39.5,43.26,3444227,147448064.0,5375
20240508,688138,21.23,21.37,21.37,20.7,20.92,3573827,74800833.0,8670
20240508,688141,15.79,15.8,15.83,15.35,15.42,2355490,36627499.0,6590
20240508,688147,32.29,32.34,32.36,30.85,30.9,2160791,67687698.0,4835
20240508,688148,5.24,5.23,5.32,5.05,5.09,10322175,53341388.0,10012
20240508,688150,22.05,22.28,22.28,20.7,21.49,4800778,102534528.0,9322
20240508,688151,15.72,15.55,15.94,15.55,15.77,1149261,18109554.0,2159
20240508,688152,47.2,47.87,47.88,44.81,45.1,1594663,72858363.0,4333
20240508,688153,51.25,51.2,52.65,50.72,51.64,2008688,103583327.0,9428
20240508,688155,61.83,61.5,62.0,60.73,61.47,361114,22164115.0,1119
20240508,688156,17.39,17.37,17.6,16.96,17.46,2637084,45536655.0,3691
20240508,688157,38.15,37.86,37.86,35.8,36.05,2369395,86424553.0,5973
20240508,688158,12.52,12.33,12.48,11.8,11.83,12366791,148556904.0,19834
20240508,688159,44.13,43.01,44.0,42.62,42.99,2431675,105085954.0,4506
20240508,688160,51.11,50.87,50.87,49.48,50.0,1168195,58684162.0,2796
20240508,688161,26.98,27.18,27.44,26.4,26.59,1261700,33802734.0,3730
20240508,688162,24.25,24.5,24.5,23.82,24.06,770535,18575192.0,2358
20240508,688163,15.14,15.14,15.24,14.71,14.93,745425,11138268.0,1839
20240508,688165,9.2,9.2,9.22,8.94,8.97,3129184,28330603.0,5615
20240508,688166,35.5,35.42,35.55,34.15,34.43,15460092,535882002.0,25845
20240508,688167,74.0,75.76,76.9,72.91,72.91,3516630,263555151.0,11994
20240508,688168,31.99,31.99,32.22,31.2,32.02,1279095,40535031.0,2262
20240508,688169,441.3,442.41,448.8,437.02,444.88,1174957,520417626.0,6277
20240508,688170,24.6,24.88,25.35,24.13,24.17,990483,24113392.0,2706
20240508,688171,17.04,17.04,17.05,16.05,16.26,1314284,21558946.0,3256
20240508,688172,16.25,16.31,16.31,16.06,16.08,1955086,31580664.0,4174
20240508,688176,6.83,6.78,6.86,6.67,6.71,5408083,36486075.0,9770
20240508,688177,34.57,34.43,34.94,33.71,34.03,1295166,44449358.0,4625
20240508,688179,17.15,17.3,18.02,16.91,17.01,5275522,91747112.0,6166
20240508,688180,30.24,30.03,31.33,30.0,30.81,9704690,299077625.0,23357
20240508,688181,19.11,19.11,19.23,18.74,18.82,1189324,22557643.0,2676
20240508,688182,14.67,14.68,15.31,14.45,14.88,10689083,159837856.0,14474
20240508,688183,10.42,10.33,10.54,10.19,10.33,4571987,47272859.0,7026
20240508,688185,53.97,53.96,55.48,53.56,53.93,1944179,105888443.0,6727
20240508,688186,13.24,13.15,13.23,12.91,12.94,2272047,29668085.0,3271
20240508,688187,48.93,48.3,49.57,48.18,49.0,2435030,119370348.0,7182
20240508,688188,331.4,331.55,334.42,326.59,329.0,480657,158344543.0,2691
20240508,688189,7.32,7.26,7.44,7.18,7.33,3581059,26174482.0,5377
20240508,688190,80.57,79.7,80.78,79.2,79.63,548392,43795784.0,2558
20240508,688191,17.84,17.84,17.88,17.19,17.31,1363067,23699746.0,2926
20240508,688192,44.95,44.27,45.3,42.0,43.1,3110860,134727183.0,9974
20240508,688193,33.39,32.97,34.49,32.97,33.4,355618,11971481.0,1085
20240508,688196,28.71,28.72,28.98,27.74,27.91,880624,24772031.0,1526
20240508,688197,52.56,51.42,52.98,50.35,50.79,660336,33707698.0,1861
20240508,688198,118.66,118.9,119.5,117.12,117.59,141389,16707437.0,796
20240508,688199,21.34,21.52,21.52,20.47,20.63,1521805,31539953.0,3828
20240508,688200,106.18,106.5,124.0,106.5,118.0,3218638,373281122.0,11503
20240508,688201,17.98,17.63,18.13,17.24,17.78,7348853,130754950.0,7832
20240508,688202,37.44,37.12,41.97,37.11,41.73,10610157,422963233.0,20719
20240508,688203,10.31,10.3,10.5,10.15,10.39,2996648,31013583.0,4740
20240508,688205,43.43,43.55,43.55,41.9,41.97,1400990,59520860.0,4126
20240508,688207,13.64,13.64,13.75,13.07,13.17,3917630,52036835.0,6167
20240508,688208,27.45,27.41,27.9,26.66,26.7,7769006,210642922.0,14807
20240508,688210,20.42,20.3,20.51,19.6,19.86,3494415,69527828.0,8029
20240508,688211,29.02,28.9,29.1,28.6,28.7,429611,12382405.0,1459
20240508,688212,57.8,57.0,58.56,54.81,55.11,1408755,78736439.0,5254
20240508,688213,48.41,48.75,48.75,46.92,47.28,1721947,81928522.0,6666
20240508,688215,26.01,26.26,26.26,25.53,25.59,257268,6649071.0,947
20240508,688216,17.0,17.05,17.25,16.41,16.42,760999,12668735.0,1983
20240508,688217,26.55,26.44,27.88,26.15,26.66,458153,12331214.0,1006
20240508,688218,19.18,19.17,19.17,18.73,18.86,1904329,36003598.0,2280
20240508,688219,9.29,9.29,9.34,9.16,9.22,2736294,25281924.0,3884
20240508,688220,41.53,41.62,42.3,40.73,40.85,1720128,70722294.0,5340
20240508,688221,6.81,6.78,7.1,6.76,6.96,5265288,36630255.0,7539
20240508,688222,13.67,13.72,13.98,13.54,13.77,5712460,78757632.0,10663
20240508,688223,7.85,7.86,7.87,7.62,7.62,56866649,437712670.0,29387
20240508,688225,15.25,15.5,15.5,14.97,15.01,805301,12218305.0,1815
20240508,688226,17.88,17.8,18.05,17.37,17.43,2799828,49328117.0,5350
20240508,688227,13.97,14.09,14.09,13.86,13.89,788860,10998911.0,2122
20240508,688228,49.64,49.24,49.24,47.34,47.53,1476308,70830203.0,3399
20240508,688229,29.35,29.7,29.7,28.36,28.71,506390,14590681.0,1485
20240508,688230,33.55,33.7,34.0,32.85,32.96,575558,19062561.0,1723
20240508,688231,17.35,17.28,17.4,17.16,17.21,1166475,20107099.0,3208
20240508,688232,23.33,23.14,23.25,22.42,22.5,1748404,39643955.0,4665
20240508,688233,20.88,20.95,21.1,20.23,20.45,2593324,53396083.0,7836
20240508,688234,56.91,56.9,57.22,55.88,56.15,3262067,183809310.0,9424
20240508,688235,138.4,138.4,138.84,134.34,134.35,1448225,196940100.0,6686
20240508,688236,22.28,22.33,22.7,21.6,21.88,2328580,51307107.0,5161
20240508,688237,23.13,22.88,22.96,22.62,22.8,791078,18014467.0,2293
20240508,688238,6.25,6.59,7.33,6.4,7.14,41480437,283582441.0,31706
20240508,688239,38.3,38.2,38.98,37.3,37.9,4665760,177868651.0,8453
20240508,688244,46.78,46.77,49.16,45.56,49.1,670976,32079323.0,1141
20240508,688246,24.8,24.47,24.69,23.75,24.1,1635753,39537491.0,5047
20240508,688247,9.92,9.87,10.27,9.83,10.08,4787131,48408418.0,6326
20240508,688248,30.38,30.2,30.34,29.54,29.57,4364098,130172087.0,7749
20240508,688251,20.79,20.79,20.94,20.52,20.54,439361,9084374.0,1068
20240508,688252,14.34,14.33,14.33,13.72,13.75,3904153,54439499.0,10073
20240508,688253,46.66,45.0,46.76,44.0,44.56,6155086,275986827.0,12951
20240508,688255,21.6,21.46,22.06,21.24,21.35,975698,21104665.0,2374
20240508,688256,160.4,159.0,163.95,156.5,160.2,5494380,882076058.0,19076
20240508,688257,25.88,25.8,26.0,25.35,25.47,831117,21238573.0,1856
20240508,688258,37.57,37.16,37.41,36.17,36.2,1357629,49744283.0,3353
20240508,688259,49.68,49.8,49.8,47.9,47.95,882556,42798409.0,2660
20240508,688260,19.02,19.09,19.12,18.36,18.41,3760857,70113948.0,6371
20240508,688261,52.16,51.98,52.15,50.27,50.61,1500096,76513331.0,4484
20240508,688262,22.55,22.62,22.69,21.65,21.75,5848374,128519689.0,12080
20240508,688265,27.23,27.72,29.12,27.42,28.06,432785,12106406.0,1028
20240508,688266,55.62,55.62,55.9,54.66,55.29,1924315,106354004.0,7146
20240508,688267,22.64,22.44,22.84,22.17,22.31,1512551,33939345.0,4606
20240508,688268,54.28,54.3,54.65,53.02,53.5,1075574,57808618.0,3696
20240508,688269,28.31,28.1,28.59,27.78,28.04,1267250,35585559.0,2274
20240508,688270,50.7,50.5,50.88,48.85,49.0,3211101,159349563.0,9073
20240508,688271,134.5,134.88,135.0,130.07,130.07,2160812,285998005.0,9011
20240508,688273,23.96,24.04,24.35,23.8,24.01,1003574,24056200.0,3137
20240508,688275,43.45,42.45,43.45,42.26,42.43,474771,20332403.0,1715
20240508,688276,41.17,41.0,41.78,40.39,40.45,4779997,195588942.0,12419
20240508,688277,9.17,9.17,9.28,9.0,9.04,4214341,38350328.0,6880
20240508,688278,57.9,58.0,59.64,58.0,58.76,3325226,195452206.0,12144
20240508,688279,111.71,111.49,111.49,108.6,110.91,397505,43801070.0,2009
20240508,688280,5.25,5.27,5.28,5.11,5.14,4397768,22667943.0,5468
20240508,688281,136.77,137.0,137.68,134.2,134.7,671949,91180925.0,3872
20240508,688283,43.51,43.39,43.72,42.34,43.0,508660,21882017.0,1462
20240508,688285,7.18,7.23,7.24,7.1,7.1,1464907,10473423.0,1600
20240508,688286,38.32,38.51,38.51,37.23,37.55,464316,17471996.0,1481
20240508,688288,14.95,15.12,15.3,14.25,14.34,1063027,15362495.0,3145
20240508,688289,20.67,20.79,20.98,20.59,20.7,4413393,91729446.0,13765
20240508,688290,37.7,37.2,37.49,36.66,36.94,307426,11369875.0,890
20240508,688291,20.05,20.0,20.0,19.3,19.37,549587,10727852.0,1430
20240508,688292,19.05,18.95,18.95,18.22,18.28,2773897,51178097.0,5286
20240508,688295,28.1,28.15,28.15,27.43,27.55,1535251,42482597.0,4684
20240508,688296,10.93,11.09,11.1,10.75,10.82,999440,10860442.0,2355
20240508,688297,38.0,37.95,38.88,37.41,37.9,4860344,185714945.0,10955
20240508,688298,31.78,32.1,34.55,31.85,33.8,6906339,229845984.0,11663
20240508,688299,12.11,12.01,12.39,11.96,12.18,6054894,73963989.0,5762
20240508,688300,49.0,49.12,49.74,48.11,48.36,1905721,93101637.0,5617
20240508,688301,217.58,218.51,218.99,210.2,211.78,673926,143247893.0,4085
20240508,688302,30.45,30.3,31.0,29.66,30.0,674353,20405697.0,2018
20240508,688303,25.26,25.28,25.28,24.74,24.79,3552060,88422110.0,7823
20240508,688305,73.35,73.26,73.38,71.45,71.45,622579,44861306.0,1659
20240508,688306,4.77,4.8,4.8,4.64,4.67,9213300,43186726.0,7667
20240508,688307,22.48,22.47,22.6,21.4,21.82,1608824,35191585.0,2802
20240508,688308,23.08,23.31,24.28,23.31,23.6,4637816,110416687.0,5811
20240508,688310,26.0,25.87,26.6,25.71,26.16,1423371,37472743.0,2725
20240508,688311,28.65,28.5,28.78,26.89,27.07,7244986,197825117.0,16777
20240508,688312,16.61,16.68,16.78,16.35,16.4,924179,15293307.0,1458
20240508,688314,22.83,22.89,23.46,22.65,23.14,814119,18836523.0,1968
20240508,688315,15.36,15.8,16.49,15.33,16.12,8980263,142860287.0,13156
20240508,688316,38.27,37.96,38.65,37.6,37.75,684902,26022836.0,1883
20240508,688317,16.5,16.55,16.88,16.46,16.63,2759044,46008396.0,5180
20240508,688318,127.66,126.0,127.24,122.88,123.31,2957123,367200935.0,9485
20240508,688319,9.82,9.7,9.9,9.41,9.58,5086996,48752567.0,9802
20240508,688320,27.37,27.36,27.69,26.63,27.32,2015322,54996857.0,3770
20240508,688321,23.6,23.55,24.06,23.18,23.37,4681158,110145669.0,8781
20240508,688322,28.62,28.37,28.6,27.26,27.3,4613307,127934093.0,9435
20240508,688323,13.5,13.65,13.74,13.15,13.18,997703,13353423.0,1821
20240508,688325,33.4,33.02,33.35,32.31,32.38,752472,24572099.0,2010
20240508,688326,64.08,63.85,64.28,61.88,61.96,1558622,97627818.0,5117
20240508,688327,12.43,12.33,12.35,11.77,11.77,21373565,255659336.0,19758
20240508,688328,16.53,16.52,16.52,15.97,15.97,2227207,36043173.0,4987
20240508,688329,19.12,19.19,19.35,18.75,19.09,1071543,20371356.0,2380
20240508,688330,24.17,24.15,24.17,23.53,23.58,1006825,23960954.0,3078
20240508,688331,56.41,56.0,57.43,55.91,57.13,1866094,106006398.0,7197
20240508,688332,57.55,57.6,57.85,55.82,56.04,1018405,57628141.0,3849
20240508,688333,84.24,84.0,84.0,80.5,80.91,1742505,142274136.0,4690
20240508,688335,10.04,10.05,10.11,9.85,9.93,1129570,11251701.0,1606
20240508,688336,24.67,24.54,25.08,24.5,24.5,2285573,56549290.0,7364
20240508,688338,25.42,25.41,25.7,25.27,25.45,782466,19950951.0,2139
20240508,688345,20.7,20.9,20.9,20.13,20.28,471886,9661908.0,1154
20240508,688348,72.37,72.3,73.57,71.26,71.35,1285974,92910343.0,4410
20240508,688349,27.65,27.5,28.06,27.32,27.85,2321381,64589264.0,6430
20240508,688351,27.51,27.43,27.73,25.79,26.44,2360534,62265104.0,7577
20240508,688353,22.58,22.53,22.53,21.9,21.92,812188,17968567.0,1615
20240508,688355,15.91,15.72,15.75,14.68,14.86,2630062,39612697.0,4978
20240508,688356,84.5,83.9,86.66,82.88,85.0,665494,56280894.0,2160
20240508,688357,39.69,39.21,39.69,38.58,38.88,715536,27849425.0,1556
20240508,688358,32.55,32.27,33.15,31.95,31.99,1198049,38888801.0,3449
20240508,688359,51.99,51.99,52.96,49.68,49.9,595720,30387501.0,1482
20240508,688360,16.95,16.95,17.0,16.65,16.65,870591,14623820.0,2174
20240508,688362,21.48,21.66,21.98,20.9,21.0,4044255,86238845.0,8636
20240508,688363,63.9,64.05,64.25,62.51,63.13,2882664,182367862.0,8861
20240508,688365,7.73,7.77,7.77,7.38,7.42,5584878,41786133.0,8555
20240508,688366,98.58,98.2,99.42,96.1,96.2,566171,55103124.0,2604
20240508,688367,13.55,13.62,13.62,13.4,13.45,544818,7359705.0,1186
20240508,688369,20.18,20.1,20.25,19.58,19.67,2261875,45004770.0,5295
20240508,688370,18.48,18.45,18.46,18.15,18.18,210482,3845071.0,575
20240508,688371,11.84,11.81,11.99,11.66,11.72,1341912,15808291.0,4482
20240508,688372,53.73,53.99,56.71,53.15,55.15,3434703,188622464.0,9233
20240508,688373,5.19,5.17,5.26,5.06,5.12,5784842,29794114.0,8126
20240508,688375,76.3,76.44,77.77,75.69,77.15,850800,65295860.0,3246
20240508,688376,33.55,33.37,33.5,32.62,32.75,672752,22143269.0,1789
20240508,688377,16.6,16.6,16.72,16.37,16.48,1528976,25263199.0,2410
20240508,688378,35.23,35.58,35.58,34.34,34.57,2075894,72311916.0,7311
20240508,688379,16.34,16.34,16.42,15.89,16.0,650289,10483943.0,1620
20240508,688380,17.05,16.75,17.12,16.72,16.77,2263095,38131948.0,6657
20240508,688381,19.58,19.58,19.64,19.1,19.16,1866793,36061062.0,5091
20240508,688382,10.01,9.97,10.06,9.66,9.79,6979209,68428651.0,10681
20240508,688383,68.3,66.3,67.8,66.08,66.27,693541,46293633.0,2825
20240508,688385,33.03,32.98,33.59,32.41,32.43,5325317,175556346.0,8699
20240508,688386,34.67,35.0,35.0,34.1,34.22,489698,16835415.0,1392
20240508,688387,6.18,6.18,6.21,6.03,6.04,11569665,70499342.0,13803
20240508,688388,15.04,14.89,15.09,14.72,14.75,3496598,51969140.0,6507
20240508,688389,19.63,19.63,20.16,19.33,19.4,3227094,63435617.0,9322
20240508,688390,97.32,97.6,98.96,96.46,96.52,2487023,242641748.0,7909
20240508,688391,41.5,41.79,43.43,41.61,42.42,1428844,60775425.0,3459
20240508,688392,52.33,54.5,55.3,50.68,53.64,1758482,94431232.0,4567
20240508,688393,19.25,19.28,19.3,18.8,18.84,852193,16167085.0,1998
20240508,688395,16.7,16.7,16.81,16.3,16.4,566774,9344278.0,1456
20240508,688396,37.45,37.64,37.64,36.59,36.62,2341770,86494665.0,6178
20240508,688398,33.12,33.15,33.74,32.71,33.13,1315522,43738436.0,3010
20240508,688399,74.86,74.5,75.69,73.5,75.06,448939,33570428.0,1529
20240508,688400,19.22,19.14,19.14,18.5,18.52,3419968,64140748.0,6470
20240508,688401,27.23,27.35,27.35,26.38,26.5,2760249,73591211.0,9693
20240508,688403,8.45,8.42,8.52,8.17,8.25,9661041,80140578.0,12440
20240508,688408,105.87,106.01,108.85,104.66,105.0,1901508,201455744.0,8109
20240508,688409,68.32,68.67,69.39,67.6,67.98,1791727,122531846.0,6151
20240508,688410,25.17,25.3,25.59,24.55,24.62,1889299,46940180.0,2852
20240508,688416,41.44,41.2,43.55,40.89,41.87,1700294,71917392.0,4927
20240508,688418,20.11,19.72,20.1,19.32,19.78,11846477,233571393.0,15513
20240508,688419,27.78,27.61,27.94,26.63,26.72,776667,21061657.0,2501
20240508,688420,22.73,22.77,22.77,22.24,22.38,250599,5633571.0,500
20240508,688425,4.05,4.05,4.05,4.0,4.0,17882585,71936563.0,11309
20240508,688426,19.35,19.23,20.6,19.14,19.78,613207,12125575.0,984
20240508,688428,9.0,9.0,9.15,8.9,8.9,4064680,36598752.0,7058
20240508,688432,10.12,10.04,10.1,9.91,9.94,2088243,20856275.0,4759
20240508,688435,33.14,33.08,33.09,31.67,31.9,824984,26623782.0,2020
20240508,688439,67.6,67.3,67.49,64.85,64.93,2936794,193616494.0,8053
20240508,688448,22.43,22.43,22.43,21.78,21.82,697543,15331027.0,1844
20240508,688455,9.24,9.21,9.29,9.03,9.08,407280,3721559.0,658
20240508,688456,31.32,31.45,32.35,30.58,31.82,1431878,45181515.0,2516
20240508,688459,9.35,9.35,9.35,9.14,9.23,2172038,20035323.0,4232
20240508,688466,13.11,13.05,13.21,12.84,12.99,458812,5996636.0,945
20240508,688468,7.88,7.9,7.97,7.73,7.84,3484409,27285142.0,7495
20240508,688475,53.59,53.9,54.95,52.8,53.25,3246592,174755018.0,12021
20240508,688480,35.54,35.59,35.74,34.81,35.23,685002,24114866.0,2435
20240508,688485,9.2,9.15,9.22,9.0,9.0,677246,6155275.0,1159
20240508,688486,89.89,89.89,89.98,87.9,88.19,292339,25944221.0,1231
20240508,688488,16.25,16.38,16.69,15.96,16.19,3247614,52995966.0,6355
20240508,688489,32.45,32.61,32.61,30.86,30.93,1101737,34595995.0,2526
20240508,688496,11.8,11.85,11.96,11.55,11.59,1901374,22315138.0,3784
20240508,688498,141.31,139.19,143.84,138.58,140.5,1910419,270190067.0,7511
20240508,688499,27.51,27.31,27.31,26.34,26.4,2532969,67732112.0,4857
20240508,688501,17.64,17.41,17.55,17.1,17.2,1020615,17639407.0,2505
20240508,688502,96.0,95.81,96.9,92.36,93.2,594963,55965594.0,2413
20240508,688503,57.65,57.5,57.88,56.3,56.45,807328,46051453.0,2611
20240508,688505,7.98,8.01,8.08,7.93,7.96,3118178,24920937.0,5856
20240508,688506,174.47,173.0,188.0,172.06,184.99,2706225,493127843.0,9880
20240508,688508,34.38,34.3,34.96,33.83,33.96,1985848,68191916.0,5488
20240508,688509,3.66,3.64,3.64,3.54,3.56,5976478,21445307.0,5544
20240508,688510,20.06,20.18,20.5,19.86,20.26,3633447,73552787.0,6980
20240508,688513,59.71,59.99,62.3,59.8,61.66,769242,47212321.0,2543
20240508,688515,70.28,70.13,70.26,67.4,67.73,1070316,73312172.0,2936
20240508,688516,91.13,91.13,91.13,88.22,88.74,2083987,185623335.0,9060
20240508,688517,13.37,13.41,13.5,13.26,13.32,1702574,22769448.0,3364
20240508,688518,14.18,14.18,14.18,13.75,13.8,9025957,125421534.0,8976
20240508,688519,23.8,23.8,24.52,23.27,23.46,2121355,50848005.0,4169
20240508,688520,49.88,50.16,50.61,49.3,50.32,2361214,117818134.0,6512
20240508,688521,32.25,32.32,32.36,30.8,30.85,5789347,181352346.0,12334
20240508,688525,51.09,51.09,53.29,50.4,51.71,21037758,1096227802.0,36607
20240508,688526,18.52,18.8,18.99,18.32,18.8,2804217,52540195.0,6069
20240508,688528,8.95,9.0,9.03,8.57,8.66,869115,7544416.0,1855
20240508,688529,16.36,16.42,16.47,15.96,15.96,2167304,35027832.0,2821
20240508,688531,75.84,75.83,75.83,73.73,73.9,746662,55672450.0,2281
20240508,688533,31.35,31.12,31.12,29.68,29.74,4457696,134327889.0,11779
20240508,688538,2.19,2.2,2.2,2.15,2.15,26405495,57288057.0,9338
20240508,688551,42.29,42.5,42.5,40.89,41.21,1144023,47457600.0,2981
20240508,688553,14.71,14.75,14.81,14.51,14.66,1746547,25582669.0,4660
20240508,688556,17.61,17.67,17.7,17.12,17.2,6523478,113553713.0,9272
20240508,688557,26.19,26.42,26.43,25.89,26.0,766519,20055770.0,1571
20240508,688558,21.34,21.3,21.3,20.77,20.84,645191,13542990.0,1774
20240508,688559,30.01,30.01,30.01,28.81,28.86,2838002,83046246.0,5105
20240508,688560,13.36,13.33,13.45,13.05,13.08,2453772,32484812.0,4273
20240508,688561,31.07,31.09,31.09,30.08,30.13,2447996,74357929.0,6719
20240508,688565,5.36,5.36,5.45,5.16,5.23,1881719,9927677.0,2599
20240508,688566,28.29,28.29,30.2,28.0,29.07,3699699,108935129.0,8234
20240508,688568,53.93,53.59,53.84,52.2,53.0,4247092,224492773.0,10309
20240508,688569,24.9,24.7,25.0,24.06,24.35,1898430,46228247.0,2787
20240508,688571,6.77,6.78,6.81,6.65,6.69,2070832,13893648.0,4547
20240508,688575,25.19,25.2,25.6,24.86,25.01,2369122,59698385.0,7038
20240508,688577,74.99,74.99,74.99,70.58,70.91,387819,27912254.0,1316
20240508,688578,66.06,65.58,66.45,64.15,64.62,9710229,631465559.0,26952
20240508,688579,9.36,9.33,9.36,9.03,9.07,3431147,31415093.0,4644
20240508,688580,46.72,46.76,47.49,46.13,47.39,836346,39339647.0,2474
20240508,688585,6.56,6.53,6.62,6.43,6.56,1455653,9480256.0,2392
20240508,688586,9.92,9.97,9.97,9.79,9.83,4945600,48743602.0,10005
20240508,688588,9.06,9.1,9.1,8.86,8.86,2209633,19727616.0,4277
20240508,688589,30.29,30.28,30.28,29.47,29.52,1148022,34181943.0,2630
20240508,688590,17.44,17.67,17.67,16.58,16.58,6020030,101343035.0,10470
20240508,688595,30.11,29.81,30.2,29.09,29.22,1522327,45020346.0,3662
20240508,688596,37.4,37.21,37.45,36.22,36.55,2503489,91881987.0,6547
20240508,688597,7.65,7.66,7.7,7.44,7.47,1045640,7877916.0,1771
20240508,688598,41.34,41.2,41.2,39.46,39.63,3989599,160031699.0,10326
20240508,688599,21.44,21.45,21.45,20.93,20.94,11094265,234116043.0,14283
20240508,688600,17.89,17.99,17.99,17.64,17.68,560991,9932723.0,1426
20240508,688601,43.98,43.86,44.0,41.71,41.75,4185100,177387190.0,9078
20240508,688606,67.48,68.3,69.0,67.36,67.52,283195,19268305.0,1237
20240508,688607,13.91,13.99,14.26,13.66,13.87,1743526,24349848.0,4083
20240508,688608,128.62,128.4,128.93,124.91,125.78,758393,95755193.0,3527
20240508,688609,10.57,10.57,10.59,10.1,10.14,12669896,129957763.0,13503
20240508,688611,32.48,32.56,33.7,32.2,33.63,1219441,40393215.0,2133
20240508,688613,14.97,15.19,15.5,14.82,15.07,2036110,30734821.0,3783
20240508,688616,11.78,11.8,11.84,11.62,11.67,1319768,15476379.0,2581
20240508,688617,530.14,525.0,535.95,523.21,534.0,557299,295842034.0,3269
20240508,688618,45.82,45.62,45.62,44.81,45.11,626152,28269553.0,1420
20240508,688619,8.66,8.67,8.7,8.37,8.42,1519013,12905338.0,2279
20240508,688625,40.24,40.57,40.61,39.55,40.16,428020,17136037.0,898
20240508,688626,40.72,40.36,41.13,39.91,40.14,814958,32872273.0,2539
20240508,688628,45.01,44.97,46.42,44.6,46.05,840572,38468212.0,1986
20240508,688630,66.18,66.18,66.21,64.22,65.0,1354406,88157504.0,5454
20240508,688633,27.16,27.1,27.43,26.8,26.85,494519,13358298.0,978
20240508,688636,39.82,39.58,39.67,38.24,38.38,1993920,77237654.0,5037
20240508,688639,122.58,121.01,123.3,118.91,121.99,1748861,210943501.0,7475
20240508,688658,17.92,18.06,18.06,17.33,17.55,4865541,85378913.0,11517
20240508,688659,7.25,7.25,7.43,7.18,7.32,3074409,22556271.0,5874
20240508,688660,3.6,3.57,3.62,3.52,3.52,5086584,18116588.0,6710
20240508,688661,48.0,48.21,49.28,46.35,46.66,1767590,84197520.0,3564
20240508,688662,26.54,26.53,26.8,26.0,26.11,864081,22701503.0,2595
20240508,688663,26.89,26.77,27.25,26.24,26.32,3194609,85360654.0,4678
20240508,688665,50.91,50.51,50.55,48.28,48.39,858073,41998092.0,2352
20240508,688668,56.22,55.0,55.15,52.25,52.66,4609319,244859741.0,8345
20240508,688669,13.61,13.53,13.86,13.27,13.28,930605,12528947.0,2058
20240508,688670,18.2,18.29,18.65,18.2,18.49,1017045,18775535.0,1565
20240508,688676,47.92,47.75,49.69,47.5,48.77,4861136,238419753.0,13262
20240508,688677,46.06,46.09,47.91,46.0,47.25,1680180,79158565.0,4487
20240508,688678,16.69,16.71,16.9,16.55,16.65,1794996,30012821.0,3657
20240508,688679,9.07,9.07,9.15,8.9,8.9,778620,6995315.0,1976
20240508,688680,39.49,39.23,40.12,38.53,38.71,2170261,85169671.0,6629
20240508,688681,10.33,10.3,10.45,10.17,10.21,1657537,17051023.0,2877
20240508,688682,36.42,38.08,43.7,37.03,41.72,4899253,199591024.0,9985
20240508,688683,18.81,18.4,18.51,18.18,18.25,569179,10434799.0,1067
20240508,688685,39.8,39.95,40.71,38.58,40.3,2484209,99061006.0,4792
20240508,688686,75.7,76.0,76.0,73.23,73.36,1035106,76692314.0,3776
20240508,688687,30.05,30.39,31.44,30.29,30.8,4547195,140212230.0,8557
20240508,688689,19.72,19.52,19.86,19.2,19.36,1421746,27730448.0,3649
20240508,688690,22.4,22.41,22.54,21.77,22.07,3701007,81946611.0,8176
20240508,688696,92.27,92.27,92.83,90.3,91.46,666336,60710046.0,2200
20240508,688697,19.33,19.29,19.38,18.74,18.75,3580978,68148218.0,4783
20240508,688698,28.34,28.24,28.9,28.17,28.45,2770969,78783644.0,5110
20240508,688699,29.6,29.75,29.75,29.04,29.04,588102,17173404.0,2098
20240508,688700,36.49,36.3,37.37,35.23,35.46,4903661,177815310.0,11054
20240508,688701,5.41,5.4,5.45,5.21,5.25,1456853,7741204.0,2313
20240508,688707,13.84,13.9,13.99,13.38,13.4,5464941,74490769.0,8416
20240508,688711,24.96,25.0,25.01,24.02,24.03,3079206,75225929.0,7471
20240508,688718,11.45,11.55,11.6,11.15,11.31,544556,6133602.0,1175
20240508,688722,11.29,11.43,11.43,11.12,11.16,1952234,21899556.0,2649
20240508,688728,16.09,16.11,16.23,15.47,15.54,8692671,136818037.0,17847
20240508,688733,20.4,20.4,20.83,20.16,20.18,2395946,49155680.0,6417
20240508,688737,21.18,21.11,21.2,20.51,20.61,1755540,36505885.0,3813
20240508,688766,117.34,113.98,120.5,112.3,117.02,2416317,284756857.0,7282
20240508,688767,29.96,29.66,30.28,29.52,29.75,649816,19416305.0,1654
20240508,688768,27.76,28.81,29.55,27.53,27.94,1769889,50310391.0,4184
20240508,688772,13.03,13.1,13.1,12.71,12.75,9488458,122067428.0,14249
20240508,688776,70.97,69.92,70.0,67.77,68.0,1143171,78243820.0,3489
20240508,688777,48.33,48.1,48.2,46.8,46.8,12182102,575806900.0,19283
20240508,688778,36.79,37.05,37.1,35.7,35.72,3219226,116301055.0,6840
20240508,688779,5.73,5.75,5.75,5.56,5.57,17064172,96113418.0,12799
20240508,688786,36.52,36.54,36.69,35.8,35.88,239929,8678261.0,976
20240508,688787,67.83,67.23,67.89,64.83,65.2,2040824,134791117.0,5601
20240508,688788,29.43,29.64,29.88,28.72,28.84,577285,16890294.0,1476
20240508,688789,116.0,115.3,116.0,110.68,111.12,814035,91503451.0,4228
20240508,688793,32.1,32.38,32.38,31.82,31.86,238056,7608067.0,846
20240508,688798,59.6,59.57,59.57,56.77,56.82,1734461,100155288.0,6469
20240508,688799,45.06,45.0,46.7,44.84,46.24,1924352,88313707.0,5284
20240508,688800,32.15,32.07,32.07,30.26,30.5,3026586,93441469.0,8208
20240508,688819,29.72,29.57,29.65,29.0,29.04,2258919,66239498.0,7942
20240508,688981,42.71,42.81,42.82,42.08,42.16,11155861,472673353.0,19102
